7979,7961,7970,7983,7971,7989,7967,7969,7964,7983,7990,7993,7991,7997,8002,7981,7987,7998,7993,7987,7985,7991,7967,7992,8004,7997,7976,7981,7991,7982,7990,7994,8011,7991,7989,7984,7982,8001,7999,7997,8003,7981,8001,8008,7985,8001,7981,7980,7986,7988,7991,7989,7985,7980,7978,7979,7979,7989,7985,7994,7985,7979,7966,7990,7979,7989,7965,7973,7988,7980,7997,7967,7969,7983,8002,7977,7970,7986,7962,7954,
7958,7966,7971,7987,7993,7995,7970,7959,7982,7993,7989,8010,7993,7998,7977,7985,7995,8000,7989,7984,8000,7986,7974,7989,7992,7987,7975,7985,7991,7990,7983,7981,8007,7999,7989,7986,7982,7988,7997,7988,7997,8000,7993,7989,7997,8002,8003,7992,7980,7982,7986,7989,7993,7981,7979,7983,7983,8000,8008,7988,7981,7987,7990,7995,7987,7984,7989,7986,7975,7987,8013,7991,7990,7985,7990,7972,7976,7957,7962,7968,
7944,7985,7982,7970,7985,7978,7971,7977,7978,8007,7989,7995,7995,7989,7991,7983,7993,8000,7991,7990,7993,7987,7967,7998,8006,7998,7987,7998,7998,7994,7993,7987,8020,8008,7999,7993,7999,7993,7987,7992,8000,7976,7997,7976,7989,7999,7993,7992,7984,7991,7983,8002,8001,7996,7971,7974,7992,8002,8002,7976,7989,8001,7981,7993,7981,7991,7978,7979,7992,8000,8003,7989,7997,7958,8005,7983,7983,7966,7977,7964,
7952,7987,7980,7997,7984,7985,7979,7996,7978,7993,7979,7999,7987,7996,7998,7992,7981,8005,7993,7989,7990,7986,7986,7996,8001,8008,7981,7998,8009,8002,7996,7985,8014,8002,7988,7992,7992,7992,7987,7999,8014,7989,7995,8000,7999,8004,8018,7983,7998,7987,7995,7989,7996,7984,7988,7986,7987,7983,7999,7971,7993,7993,7992,7994,7980,7987,7976,7979,7981,7989,8002,7978,7984,7990,7994,7987,7994,7970,7977,7968,
7964,7989,7985,7986,7969,7982,7971,7976,7983,7986,7990,7995,7996,7990,7971,7993,8002,7998,7999,7991,7980,7995,7981,7990,8005,8000,7991,8002,8002,7993,7999,7982,8005,7991,7990,7999,8001,8003,7993,7994,8008,7987,7996,7986,7990,8009,8001,7982,7986,8000,7982,8000,7987,7984,7981,7983,7985,7998,7996,7987,7989,7984,7997,7987,7980,7981,7981,7986,7985,7982,8004,7975,7984,7989,8019,8001,7968,7969,7985,7975,
7967,7996,7985,7996,7996,7987,7981,7987,7980,8000,8004,8009,7987,7988,7986,7974,7989,7998,8006,7991,7977,7986,7986,8000,8008,8007,7981,8005,8003,7999,8006,7985,8011,8008,7979,8003,7994,7999,7997,7984,8000,7987,7993,7993,8007,8012,8007,7988,7989,7998,7990,8006,7991,7988,7992,7987,7996,8002,8009,7986,7992,7983,7985,8009,7990,8001,7990,7981,7998,7986,8004,7989,7995,7985,7998,7976,7973,7975,7980,7973,
7969,7983,7977,7986,7987,8001,7976,8005,7995,7986,7989,7991,7994,7989,7983,7989,7978,8001,7999,7998,7996,8008,7987,7991,8000,8000,7997,8002,8001,7998,8005,7997,8026,7997,8003,8001,7992,8001,8006,7993,8002,7990,7998,8005,8002,8001,8000,7986,7987,7988,7998,7978,8004,7976,7990,7997,7999,7990,8006,7997,7982,7999,7997,7988,7995,7985,7985,7987,7984,8012,8000,7998,7994,7995,8006,7996,7955,7971,7981,7971,
7965,7988,7975,7975,7979,7992,7963,7985,7981,8002,7995,8002,7985,7974,7980,7983,7979,7999,7998,8001,8000,8003,7984,7998,8008,7997,7985,8000,8011,7997,7998,8005,8017,8007,7999,7991,7999,8004,8010,7982,8006,7988,7989,7982,8004,7997,7999,7994,7998,7999,7981,8004,8000,7992,7992,8002,7989,8008,8002,7986,7990,7985,7996,7987,7979,7978,7989,7986,7968,8000,8011,7996,7994,7981,7998,7986,7983,7977,7962,7996,
7948,7984,7963,7992,7980,7994,7972,7965,7985,8003,7999,7997,7974,7998,7981,7968,7984,7992,7999,7989,7999,7997,7992,7990,7997,7992,8005,7993,8004,7998,8006,8000,8013,7997,8003,8003,8008,8011,8003,7996,8005,8004,8004,8006,7990,7991,8001,7993,7984,7994,7991,8001,7993,7989,7985,7989,7983,7999,8004,7994,7995,8004,8001,8007,8000,7997,7986,7995,7993,7989,8007,7985,7989,7984,7984,7993,7992,7976,7986,7978,
7965,7981,7970,7973,7984,7987,7999,7992,7983,7992,7990,8004,7982,8002,7981,7987,7991,7994,8002,8005,7995,8007,7982,8006,7993,8005,8000,8001,8003,8006,8019,8006,8026,8015,8011,8005,8015,7998,8014,8011,8011,7982,8000,7992,8011,7996,8007,8001,7996,8000,7995,8005,8000,7997,7983,7996,7991,7999,7999,7991,7997,8008,7994,8004,7994,7992,7991,7993,7988,7987,8006,7979,7974,7977,7984,7989,7980,7976,7997,7981,
7976,7997,8000,7991,7977,8001,7978,7974,7983,7994,7993,7998,7985,8005,7988,7981,7988,7993,8002,8006,8007,8005,8010,8006,7996,8014,7995,8015,8015,8011,8011,8012,8034,8018,8015,8018,8009,8003,8017,8004,8004,7992,8000,7999,8000,8001,8014,7991,7988,7994,7995,8010,7996,7994,7992,7991,7987,8000,7996,7987,8001,7999,8009,8005,7984,8001,7989,8010,7994,7989,8011,8000,7993,7985,7987,7984,7990,7984,7977,7993,
7981,7991,7991,7998,7999,8000,7975,7980,7994,7997,7996,8012,7982,7996,7992,7999,7979,8003,8011,8002,8011,8013,7998,8004,8010,8006,8010,8014,8013,8008,8027,8028,8049,8020,8015,8032,8007,8015,8009,8004,8018,8001,8013,8006,8007,8005,8014,8000,7980,7999,7997,8013,8002,8010,7988,7995,7994,8002,8008,8003,7999,7993,7995,8007,7986,7997,7986,7993,7987,7989,8003,7989,8000,7982,7988,8001,7993,7974,7980,7997,
7987,7985,7983,7999,8005,8002,7996,7970,7993,8000,7999,8011,7992,7996,7994,7992,7997,8014,8008,7998,8011,8014,8002,8015,8024,8023,8005,8025,8017,8030,8056,8068,8081,8042,8014,8014,8021,8014,8013,8007,8019,7998,8007,8001,8001,8001,8010,7987,7997,8000,8007,8004,8006,7987,7997,7992,7994,8007,8011,7989,7986,7997,8002,8001,7986,7993,7994,8000,7994,8000,8016,7976,7987,7980,7997,8000,7980,7988,7995,7991,
7986,8008,8000,7999,7987,8004,7993,7985,7996,7985,8003,8007,7996,7993,7988,8005,8003,8011,8006,8009,8022,8011,8007,8014,8016,8021,8024,8030,8029,8054,8107,8080,8096,8058,8027,8022,8030,8024,8021,8011,8013,7999,8003,8008,8015,8011,8006,7994,7997,7998,8003,8023,8004,7992,7993,8000,7992,8012,8006,8008,7992,7999,8000,8008,8013,7993,7996,8013,7992,8000,8024,7997,7999,8002,7983,8005,7995,7993,7995,7994,
7983,8000,7996,8001,8005,8007,7996,7978,7994,8005,8001,8018,7993,8002,7992,8004,8005,8014,8014,8009,8014,8019,8000,8014,8011,8029,8020,8040,8065,8096,8113,8090,8100,8054,8029,8025,8021,8027,8016,7994,8018,7998,8009,8012,8010,8010,8010,7991,7991,8002,7995,8012,8008,8005,7996,7993,7995,7999,7994,8002,7998,8004,8020,8010,7999,7993,7992,8011,7981,7988,8017,7988,8001,7985,8001,7993,7993,8002,7988,7990,
7984,8015,7993,8000,8000,8008,8003,7991,7996,8009,7991,8007,8007,8007,7996,7999,8004,8007,8008,8021,8014,8026,8016,8019,8020,8035,8043,8082,8097,8100,8111,8091,8094,8041,8019,8026,8017,8022,8025,8016,8027,8011,8017,8009,8014,8005,8008,8006,7997,8002,8006,8017,8008,7993,7997,8000,7986,8007,8013,8000,8003,8002,7997,8011,7987,7991,8000,7996,8009,8007,8012,7991,8002,8001,7997,7995,7989,7992,7986,7963,
7993,7999,8011,8003,8015,8008,7999,7984,7995,8011,7986,8019,7992,7996,8004,8008,8016,8015,8017,8009,8027,8030,8017,8016,8034,8055,8071,8112,8128,8110,8114,8114,8076,8035,8029,8014,8024,8031,8014,8017,8026,8006,8018,8006,8006,8020,8003,7998,8002,8000,8003,8010,7998,8005,8005,8006,7987,7995,8008,7992,8004,7988,8004,8002,8007,8001,8017,8004,7993,8010,8023,7998,8000,7971,8004,7990,8000,7994,8000,8011,
7987,7993,7991,8016,8012,8019,7999,7997,7995,8007,7993,8016,7998,8000,8012,8002,8011,8018,8022,8021,8037,8028,8014,8023,8049,8111,8109,8139,8140,8132,8139,8104,8076,8045,8032,8028,8025,8021,8028,8019,8027,8009,8023,8004,8032,8016,8003,8010,8005,8016,7994,8017,8019,8007,8004,8003,7998,8010,8025,8001,8002,8003,8010,7995,8009,7997,8007,8009,7997,8017,8017,8000,8005,8007,8008,8007,7988,8011,8015,8018,
7985,8005,7996,7999,8010,8010,8003,7999,8015,8011,8003,8014,7999,8016,8008,8007,8012,8005,8027,8010,8045,8034,8029,8040,8069,8137,8135,8134,8157,8144,8143,8099,8079,8048,8029,8031,8039,8028,8028,8027,8031,8016,8027,8019,8020,8022,8012,8012,8018,8009,8009,8025,8015,8002,8013,7994,8003,8009,8035,8012,8014,7999,7995,8002,8005,8006,8014,8011,7997,8000,7998,8002,8001,7993,8016,8017,7992,8015,8020,8010,
8002,8000,7995,7998,8001,8003,8001,7996,7999,8003,8008,8014,8016,8016,8012,8020,8010,8023,8030,8034,8043,8039,8035,8060,8087,8146,8131,8145,8152,8144,8144,8122,8089,8051,8047,8039,8036,8039,8026,8025,8029,8012,8029,8012,8036,8030,8015,8012,8021,8002,8007,8015,8007,7995,8003,8011,8002,8010,8021,7998,8010,8013,8012,8005,8010,8006,8002,8013,8003,8015,8026,7997,7995,8004,8008,8012,8006,8008,8018,8008,
7994,8001,8004,8010,8000,8014,7993,7994,8005,8016,8006,8017,8010,8006,8015,8013,8028,8024,8039,8026,8053,8046,8051,8056,8102,8145,8147,8164,8173,8157,8154,8132,8112,8072,8042,8038,8044,8041,8038,8024,8029,8011,8040,8020,8029,8022,8006,7998,8021,8010,8013,8017,8016,8006,8016,8007,8009,8000,8013,8000,8003,8010,8009,8004,8013,8006,8004,8010,8002,7995,8028,8002,8026,7992,8017,8023,8006,7999,8019,8019,
7983,8002,7998,8003,8021,8024,8007,7999,8009,8008,8014,8031,8010,8021,8019,8018,8027,8041,8065,8068,8078,8072,8050,8063,8096,8169,8167,8183,8178,8165,8164,8163,8144,8096,8057,8045,8045,8037,8045,8039,8031,8010,8031,8021,8029,8024,8018,8011,8016,8007,8012,8016,8024,8010,8009,8008,7996,8002,8025,7999,8017,8004,8013,8009,8014,8000,8010,8006,8006,8009,8018,7995,8003,8007,7999,8016,8021,8022,8007,8029,
8000,8002,7995,8014,8015,8014,7996,8001,8016,8018,8009,8023,8020,8017,8031,8035,8058,8080,8082,8090,8100,8084,8085,8082,8107,8149,8164,8185,8185,8169,8170,8157,8171,8117,8073,8058,8056,8049,8048,8027,8035,8014,8027,8021,8043,8018,8014,8010,8022,8014,8005,8024,8009,8024,8005,7999,8009,8013,8030,7999,8011,8010,8023,8016,8023,8001,8016,8004,8012,8011,8035,8008,8019,7997,8018,8012,8023,8012,8018,8029,
8000,8003,8012,8021,8024,8030,8004,8007,8004,8016,8013,8019,8012,8032,8028,8059,8087,8093,8089,8078,8094,8090,8097,8101,8111,8147,8176,8182,8202,8168,8166,8165,8169,8136,8089,8081,8056,8055,8050,8027,8032,8020,8037,8015,8028,8029,8028,8000,8016,8024,8013,8018,8025,8015,8017,8017,8012,8015,8026,8001,8019,8012,8026,8012,8019,8014,8021,8007,8001,8009,8016,8004,8013,7994,8017,8020,8015,8021,8028,8023,
7993,8019,8014,8014,8001,8013,8013,8004,8003,8011,8022,8019,8030,8042,8042,8089,8073,8077,8107,8114,8104,8100,8099,8118,8120,8141,8161,8194,8197,8162,8167,8159,8174,8144,8113,8082,8068,8060,8044,8036,8042,8039,8031,8034,8026,8031,8030,8015,8010,8007,8018,8023,8022,8021,8017,8012,8011,8014,8023,8011,8014,8010,8007,8012,8012,8019,8002,8020,8002,7987,8016,8008,8014,8008,8021,8013,8019,8017,8013,8028,
8004,8003,8004,8004,8012,8010,8010,7996,8012,8015,8020,8020,8025,8038,8055,8059,8091,8118,8123,8125,8120,8128,8115,8118,8129,8124,8149,8204,8189,8180,8164,8171,8172,8141,8105,8090,8074,8054,8044,8036,8044,8018,8027,8030,8020,8034,8030,8021,8022,8016,8025,8028,8022,8004,8024,8022,8006,8022,8026,8014,8006,8019,8013,8011,8014,8016,8023,8014,8014,8006,8019,8008,8017,8012,8010,8011,8019,8024,8032,8036,
7999,8009,8009,8002,8012,8026,8008,7999,8007,8019,8008,8027,8026,8032,8069,8087,8105,8115,8145,8139,8133,8130,8110,8128,8126,8134,8168,8200,8204,8177,8170,8165,8168,8143,8106,8104,8092,8075,8055,8041,8045,8027,8031,8039,8035,8034,8036,8023,8027,8026,8027,8027,8021,8022,8014,8016,8009,8025,8030,8009,8011,8009,8009,8019,8015,8012,8011,8010,8014,8022,8027,8015,8025,8014,8010,8011,7998,7991,8006,8033,
7997,8011,8010,8004,8009,8023,7992,8017,8002,8025,8028,8025,8017,8033,8047,8092,8123,8146,8153,8150,8142,8146,8102,8115,8124,8137,8165,8202,8201,8178,8176,8174,8178,8143,8111,8091,8096,8070,8050,8038,8032,8037,8033,8025,8024,8036,8039,8014,8019,8031,8021,8033,8025,8019,8012,8026,8009,8024,8030,7994,8023,8009,8027,8015,8005,8009,8007,8010,8016,8015,8014,8021,8015,8009,8015,8005,8013,8013,8022,8024,
8011,8010,8014,8008,8013,8015,8004,8004,8007,8023,8018,8019,8017,8034,8058,8102,8113,8116,8125,8131,8118,8119,8095,8105,8109,8143,8169,8215,8194,8189,8188,8170,8182,8138,8113,8086,8069,8062,8047,8044,8058,8044,8029,8034,8037,8019,8031,8020,8019,8021,8024,8034,8026,8016,8015,8015,8011,8017,8024,8006,8016,8016,8027,8022,8016,8018,8008,8016,8006,8014,8024,8007,8017,8015,8017,8025,8006,7991,8000,8021,
8000,8020,8003,8012,8013,8024,7999,8009,7997,8023,8019,8031,8022,8023,8045,8087,8098,8116,8122,8117,8107,8113,8108,8104,8112,8142,8177,8203,8202,8178,8180,8170,8186,8144,8111,8088,8069,8065,8056,8033,8052,8036,8031,8028,8037,8034,8037,8027,8032,8028,8018,8040,8034,8019,8024,8020,8001,8021,8021,8017,8023,8006,8017,8026,8020,8014,8015,8021,8018,8019,8027,8018,8021,8007,8021,8018,8005,8000,8001,8027,
8003,8014,8016,8022,8013,8029,8012,7998,8013,8012,8019,8018,8021,8039,8030,8052,8077,8099,8111,8109,8093,8102,8095,8083,8109,8147,8177,8190,8186,8180,8170,8164,8171,8144,8111,8082,8074,8063,8058,8039,8048,8025,8026,8033,8038,8041,8031,8018,8023,8034,8026,8037,8022,8009,8022,8013,8004,8015,8036,8015,8019,8022,8021,8018,8009,8024,8002,8022,8020,8013,8028,8014,8026,8016,8004,8021,8001,8013,8013,8012,
7977,8017,8013,8005,8012,8017,8006,8003,8007,8030,8019,8014,8017,8024,8024,8043,8023,8061,8074,8076,8065,8068,8062,8064,8087,8130,8158,8173,8187,8165,8169,8157,8166,8122,8094,8066,8064,8053,8046,8035,8041,8036,8034,8017,8052,8039,8031,8022,8018,8022,8022,8030,8036,8017,8017,8013,8009,8018,8018,8009,8022,8015,8014,8018,8014,8013,8008,8021,8005,8005,8023,8006,8019,8023,8031,8006,8019,8011,8014,8014,
8002,8016,8012,8018,8017,8005,8016,8016,7998,8021,8014,8026,8006,8022,8012,8019,8019,8025,8047,8052,8057,8045,8039,8055,8078,8112,8143,8160,8165,8166,8158,8152,8157,8110,8082,8066,8060,8055,8057,8023,8039,8033,8029,8043,8024,8035,8033,8019,8012,8029,8033,8031,8037,8014,8023,8023,8016,8030,8028,8013,7991,8010,8011,8008,8016,8026,8013,8010,8021,8010,8014,8015,8006,8004,8014,8004,8014,8009,8000,8003,
7990,8017,8011,8006,8014,7999,8007,8004,8016,8014,8013,8012,8015,8023,8010,8027,8016,8017,8032,8033,8038,8045,8039,8050,8059,8097,8133,8154,8163,8162,8163,8143,8132,8084,8060,8056,8052,8053,8036,8032,8044,8035,8042,8027,8023,8032,8035,8024,8024,8017,8017,8041,8025,8025,8018,8013,8008,8022,8022,8007,8009,8022,8016,8017,8029,8026,8014,8019,8012,8002,8016,8013,8008,7995,8013,8022,8003,7993,8009,8001,
7990,8005,8004,8010,8018,8021,7996,8004,8007,8015,8009,8019,8006,8028,8011,8017,8023,8024,8018,8037,8036,8034,8026,8035,8058,8072,8112,8153,8154,8149,8160,8141,8132,8088,8056,8052,8045,8046,8044,8028,8045,8034,8032,8038,8025,8034,8016,8029,8017,8011,8010,8033,8024,8018,8015,8019,8007,8028,8026,8019,8009,8027,8014,8011,8019,8027,8012,8017,8008,7999,8009,8020,8018,8003,8007,8012,8006,7997,8009,8007,
7996,8031,8006,8019,8022,8012,8002,8012,8008,8010,8005,8012,8008,8018,8008,8012,8014,8016,8024,8020,8038,8042,8021,8039,8056,8074,8073,8116,8144,8139,8144,8138,8148,8107,8061,8060,8056,8043,8047,8025,8038,8028,8032,8031,8034,8030,8022,8008,8014,8021,8015,8037,8024,8010,8013,8017,8011,8025,8020,8009,8010,8026,8019,8017,8013,8027,8013,8013,8012,8004,8026,8010,8015,8001,8012,8013,8013,8001,8002,8003,
8003,8016,8013,8022,8015,8015,8009,8010,8011,8000,7997,8016,8012,8009,7996,8019,8007,8020,8019,8024,8038,8025,8025,8036,8033,8053,8048,8083,8101,8128,8146,8151,8154,8124,8084,8058,8046,8051,8046,8041,8029,8030,8025,8024,8025,8038,8034,8007,8021,8018,8024,8031,8026,8014,8015,8011,8011,8014,8020,8010,8016,8026,8025,8020,8022,8029,8022,8020,8011,7999,8021,8037,8003,8003,8010,8011,8013,7996,7992,8007,
7996,8017,8018,8009,8019,8013,7998,8010,8004,8015,8013,8015,7997,8011,8003,8026,8012,8013,8025,8021,8024,8027,8024,8031,8032,8054,8035,8053,8074,8101,8137,8149,8161,8137,8105,8069,8038,8046,8039,8032,8031,8031,8030,8026,8029,8031,8024,8010,8024,8032,8024,8020,8023,8012,8023,8016,8008,8034,8027,8019,8018,8016,8012,8008,8014,8018,8019,8005,8023,8008,8015,8014,8019,8005,8013,8020,8011,8005,7979,8011,
7995,8017,8007,8013,8027,8006,8021,8012,8004,8011,8001,8003,8012,8004,7989,8013,8011,8014,8033,8016,8021,8044,8024,8036,8045,8033,8028,8049,8051,8056,8093,8123,8153,8135,8128,8097,8049,8045,8037,8028,8031,8025,8025,8026,8028,8025,8021,8014,8019,8028,8019,8031,8027,8016,8018,8021,8001,8014,8021,8021,8011,8023,8016,8014,8016,8018,8013,8010,8023,8000,8026,8006,8017,8009,8012,8015,8009,8010,8003,8016,
7988,8018,8013,8020,8029,8003,8009,8017,8011,8025,7997,8022,8002,8011,8017,8012,8000,8011,8011,8002,8029,8037,8011,8031,8032,8043,8026,8042,8046,8038,8062,8067,8127,8126,8125,8105,8070,8047,8028,8021,8036,8020,8021,8017,8024,8022,8027,8012,8016,8012,8007,8028,8023,8010,8015,8018,8006,8013,8023,8004,7997,8012,8016,8007,8012,8016,8013,8006,8011,8005,8025,8025,7999,8016,8017,8014,8006,8003,8002,8010,
8002,7998,8018,8023,8008,8024,7998,7995,8005,8018,8009,8011,8007,8012,8001,8015,8017,8017,8018,8019,8020,8007,8009,8028,8022,8031,8020,8038,8040,8034,8052,8031,8081,8106,8107,8106,8064,8044,8030,8032,8014,8021,8011,8021,8012,8022,8019,8007,8013,8010,8008,8014,8008,7997,8017,8009,8001,8014,8024,8017,8009,8019,7997,8008,8000,8006,7996,8009,8010,7988,8007,8008,8002,8003,8007,8008,8003,7999,8006,8007,
7998,8020,8012,8010,8010,8027,8011,7992,7999,8009,8006,8022,8013,8011,7994,8008,8010,8016,8013,8007,8006,8012,8004,8023,8017,8035,8034,8033,8027,8024,8037,8038,8057,8057,8066,8077,8044,8035,8023,8010,8020,8021,8005,8026,8014,8031,8009,8006,8011,8007,8014,8017,8016,7998,8007,8012,8009,8013,8019,8004,8013,8017,8011,8001,8007,8019,7999,8014,7998,8000,8012,8023,8025,7999,8003,8006,8007,7999,8002,8018,
7995,8005,8006,8016,7996,8005,8006,8010,7998,8010,8001,8012,8015,8006,8005,8007,8007,8009,8023,8016,8007,8018,8004,8024,8024,8038,8020,8039,8013,8020,8032,8012,8039,8032,8027,8040,8027,8026,8031,8019,8021,8010,8020,8020,8006,8012,8017,8004,8011,8017,8008,8007,8007,8017,8005,8015,8006,8013,8029,8002,8006,8004,8009,8017,8011,8025,8002,8009,7992,8008,8005,8005,8005,8006,8015,7997,7998,7994,7991,8019,
7990,8006,8015,8015,7999,8014,8014,7996,7997,8005,8013,8012,8004,8010,8000,7998,8016,8010,8022,8015,8018,8014,8003,8017,8018,8027,8009,8011,8024,8015,8024,8032,8031,8012,8025,8035,8031,8029,8020,8011,8015,8018,8010,8011,8003,8016,8017,8008,8003,8000,8007,8019,7997,8010,8001,8030,8002,8012,8007,7999,8010,8012,8011,8009,8010,8016,7995,8007,8010,8011,8017,8012,8005,8002,8009,8008,7999,7999,7995,8004,
7998,8013,8018,8021,8017,8018,7997,7994,7996,8019,8008,8015,8002,8020,8002,8015,8018,8021,8014,8016,8009,8018,8000,8007,8019,8029,8006,8024,8017,8016,8020,8010,8044,8021,8019,8029,8031,8033,8016,8005,8010,8023,8023,8013,8001,8008,8009,8002,8009,8002,8008,8014,8017,8010,8008,8010,8007,8010,8017,8014,8013,8007,8009,8016,8008,8015,8001,8015,8010,7989,8012,8005,8005,8008,8023,8017,8006,7991,7993,7996,
7997,8018,8007,8010,8013,8023,7989,8004,8003,8023,7999,8010,7997,8010,8004,8009,8008,8016,8008,8002,8004,8009,8008,8014,8012,8022,8024,8016,8018,8015,8021,8014,8031,8023,8022,8030,8026,8027,8010,8003,8009,8012,8015,8015,8014,8011,8003,8006,8006,8007,8011,8008,8012,8007,8012,8003,7999,8017,8018,8022,8021,8014,8014,8021,8012,8003,8002,8015,8012,8008,8010,8016,8008,8002,8014,8008,8001,8006,7986,8011,
7997,8004,8012,8018,8002,8018,8005,7995,8000,8018,8009,8017,8012,8006,7999,7998,8007,8009,8013,8005,8006,8011,7991,8004,8013,8027,8018,8021,8012,8011,8023,8019,8025,8024,8017,8026,8032,8026,8008,8009,8015,8013,8001,8017,8000,8018,8008,8002,8006,8008,8014,8014,8014,7994,8020,8016,8004,8010,8014,8007,8016,8015,8001,8007,8004,8012,7998,8014,8008,7997,8014,7998,8011,8005,8009,8020,8009,7997,8002,8015,
7984,8003,8009,7993,8004,8025,7998,8001,8011,8016,7987,8007,8007,8014,7992,8012,8004,8003,8006,7997,8002,8009,8009,8001,8020,8016,8016,8011,8017,8001,8012,8014,8027,8003,8021,8020,8012,8023,8000,8006,8015,8018,8013,8007,7990,8017,8011,8000,8005,8012,8005,8006,8021,7999,8004,8003,8004,8017,8012,8001,7996,8010,8008,7996,8000,8001,8015,8013,7995,7985,8007,8011,8000,8007,8009,8004,7990,7996,8007,8009,
7986,8014,7992,8006,7994,8003,7993,8003,7999,8020,8001,8005,7998,8001,7988,7990,8010,7997,8013,8002,7996,8008,8001,8011,8020,8016,8012,8003,8019,8022,8021,8016,8030,8014,8010,8011,8020,8023,8007,8007,8004,8021,8011,8012,8017,8022,8014,8011,8012,8004,8015,8005,8006,8005,8011,8009,7998,8007,8008,8007,7991,8015,8000,8022,8000,8001,7991,8006,8009,7995,8014,8015,8000,8010,8013,8020,7997,7998,7991,8004,
7977,8003,8003,8004,8001,8006,8012,8005,8014,8006,8000,8011,8005,8006,7990,8006,8001,8007,8000,8008,8001,8010,8010,8012,8006,8013,8010,8016,8023,8019,8007,8024,8029,8018,8017,8027,8016,8026,8013,8014,8018,8013,8008,8024,8027,8030,8011,7995,8020,8018,8013,8004,8008,7996,8004,8014,8009,8016,8020,8014,8008,8024,8002,8014,8020,8007,8007,8007,8003,8002,8011,8007,8010,8005,8025,8021,7994,7991,7999,8001,
7986,7987,7996,8007,7999,8015,7998,7996,7997,8011,7991,8009,7997,8000,7994,7999,7999,7999,8015,8010,8005,8004,7987,8015,8014,8012,8014,8010,8027,8011,8021,8018,8013,8014,8006,8024,8015,8028,8012,8011,8016,8020,8013,8009,8014,8013,8005,8005,8023,8005,8018,8008,8013,8003,8006,8008,8011,8008,8003,8007,8000,8019,8001,8015,8004,8007,8003,8012,8001,8000,8016,8019,8013,8005,8025,8009,8007,7996,7998,7991,
7988,8001,8006,7993,8021,8007,7989,7999,8001,8007,8008,8005,7990,7997,7993,7999,7987,8000,8001,8004,8002,8014,7999,8004,8004,8008,8004,8003,8026,8008,8011,8021,8027,8020,8020,8018,8020,8018,8010,8006,8003,8022,8009,8002,8015,8027,8014,8012,8004,8011,8013,8017,8006,8009,8003,8006,8002,8008,8019,8001,8015,8010,8012,8021,8016,8010,7997,8006,8005,8009,8018,8006,8011,8018,8024,8018,7991,7998,8006,7989,
7987,7997,7992,8010,8006,8000,7999,8006,7998,8004,7992,7999,7991,7995,8001,8004,8001,7992,8006,7993,8002,8023,8005,8006,8017,8023,8008,8008,8014,8011,8007,8016,8030,8006,8016,8011,8023,8027,8012,8009,8020,8018,8004,8017,8012,8020,8014,8020,8020,8008,8003,8026,8012,8005,8010,8011,8005,8016,8026,8007,8013,8018,8003,8018,8011,8020,8006,8004,8003,8006,8014,8016,8004,8017,8012,8021,7999,8002,7994,7993,
7994,8018,7990,7997,7994,7997,7991,7986,7993,8021,7994,8004,7988,8000,7997,7998,8004,8009,8004,8007,8001,8017,7999,8002,8003,8023,8007,8005,8014,8011,8008,8013,8023,8016,8014,8020,8021,8023,8000,8002,8010,8005,8002,8010,8009,8022,8021,8005,8013,8011,8016,8016,8017,8012,7994,8000,8016,8015,8006,8016,8008,8022,8016,8013,8009,8005,8015,8022,8006,7994,8015,8012,8009,8007,8018,8025,8008,7989,8003,7997,
7977,7994,7989,8014,8002,8015,7998,8000,7994,8007,7998,8007,7993,8005,7990,8002,7996,7994,8003,8009,8005,8017,7994,8014,8007,8021,8019,8001,8016,8010,8006,8009,8014,8010,8010,8029,8025,8021,8005,8010,8013,8013,8000,8025,8012,8026,8012,8003,8005,8004,8007,8012,8014,8007,8011,8011,8008,8008,8033,8010,8009,8007,8008,8024,8009,8012,8008,8014,8001,7997,8016,8018,8014,8011,8018,8020,7985,7998,8010,8013,
7975,8002,7987,7992,8005,8006,7995,8005,7994,8007,8001,8006,7991,8005,7992,8004,8014,8010,7996,7993,7997,8001,7994,8009,8004,8006,7997,7996,8004,8011,7997,8009,8017,8016,8014,8013,8022,8014,8011,8008,8009,8005,8010,8022,8017,8021,8010,8011,8022,8015,8022,8008,8021,8009,8004,8017,8000,8013,8022,7996,8002,8005,7993,8009,8004,8021,7998,8018,8018,7993,8020,8018,8013,8016,8011,8025,8004,8010,8002,8024,
7984,7985,8007,7990,7998,8011,7998,7986,7996,8020,8005,7989,7989,8004,8001,8006,7992,8001,8003,8005,8007,8004,7993,8011,8010,8020,8008,8025,8011,8012,8014,8005,8027,8004,8013,8014,8007,8019,8023,8018,8016,8017,8032,8017,8009,8025,8017,8005,8021,8018,8019,8025,8033,8015,8015,8020,8017,8032,8032,8019,8030,8011,8019,8011,8014,8025,8007,8016,8010,8023,8032,8000,8032,8006,8012,8023,8000,7995,8038,8039,
7975,8002,7998,8009,8007,8013,7996,7994,7984,8007,7992,8005,7985,7996,8004,7994,7995,7997,8014,8004,8005,8004,8001,8000,7996,8021,8000,8028,8015,8010,8016,8009,8032,8005,8011,8021,8004,8020,8023,8022,8021,8015,8016,8017,8021,8019,8019,8007,8024,8025,8024,8035,8039,8021,8010,8012,8006,8025,8031,8004,8010,8014,8029,8021,8021,8041,8011,8023,8016,8006,8023,8026,8016,8018,8022,8023,8014,8003,8020,8019,
7977,7990,7995,8006,8004,8004,8014,7990,8004,8011,7990,7995,7999,8001,7984,8004,8004,8002,7999,8003,8014,8015,7995,8015,7999,8013,8006,8011,8017,8014,8012,8012,8017,8001,8011,8022,8010,8022,8016,8015,8015,8030,8015,8024,8012,8026,8014,7994,8030,8029,8023,8024,8026,8013,8017,8023,8016,8012,8027,8009,8025,8032,8023,8021,8000,8028,7995,8020,8001,8013,8031,8016,8025,8004,8012,8028,8015,8014,8028,8019,
7975,7992,8003,8005,7989,8013,7995,7989,7988,8012,7993,8001,7986,7992,7988,7993,7997,8008,8012,8000,7991,8014,7997,8007,8014,8025,7995,8011,8014,8002,8007,8001,8029,7994,8012,8021,8020,8022,8017,8019,8021,8022,8001,8021,8023,8025,8014,8025,8034,8024,8025,8024,8029,8016,8014,8024,8010,8025,8025,8003,8033,8019,8022,8015,8026,8023,8009,8016,8008,8014,8022,8030,8016,8030,8030,8018,8023,8022,8039,8032,
31.63,28.10,False,1,0,15,14,19,32