8015,8002,8012,8024,8003,8009,8012,8017,8011,8033,8034,8034,8031,8039,8037,8040,8049,8043,8054,8061,8051,8048,8065,8055,8043,8044,8059,8048,8051,8044,8051,8055,8058,8053,8039,8059,8057,8053,8060,8049,8051,8063,8052,8057,8052,8063,8060,8050,8055,8058,8053,8057,8043,8058,8056,8027,8042,8041,8039,8043,8020,8019,8012,8011,8017,8012,8030,8029,8030,8018,8024,8037,8043,8040,8049,8055,8058,8045,8055,8065,8055,8054,8062,8054,8057,8052,8061,8066,8050,8063,8063,8056,8052,8061,8067,8062,8061,8055,8054,8054,8054,8053,8063,8052,8067,8068,8065,8058,8058,8059,8062,8064,8055,8047,8066,8053,8038,8031,8046,8051,8003,8015,8006,8018,8026,8018,8019,8034,8022,8022,8016,8026,8027,8041,8033,8041,8049,8072,8046,8049,8064,8057,8063,8064,8055,8054,8058,8055,8058,8050,8048,8061,8064,8051,8057,8064,8063,8073,8063,8051,8067,8056,8063,8058,8078,8062,8063,8063,8058,8053,8048,8056,8057,8055,8052,8060,8055,8062,8044,8033,8035,8023,8017,8040,8019,8029,8031,8021,8016,8037,8021,8040,8038,8041,8052,8057,8055,8059,8061,8050,8049,8079,8061,8058,8057,8060,8056,8053,8065,8061,8064,8072,8059,8064,8079,8073,8069,8074,8062,8069,8067,8052,8066,8059,8058,8060,8053,8061,8057,8068,8054,8058,8045,8053,8057,8062,8054,8049,8052,8047,8009,8014,8019,8001,8011,8005,8028,8015,8027,8019,8019,8014,8021,8029,8031,8038,8052,8057,8041,8052,8040,8049,8054,8056,8051,8067,8057,8057,8056,8056,8062,8059,8066,8061,8055,8070,8068,8063,8045,8063,8077,8071,8067,8066,8062,8052,8068,8068,8067,8071,8071,8073,8073,8068,8060,8064,8074,8061,8064,8052,8028,8025,8021,8030,8017,8017,8021,8011,8029,8018,8026,8027,8037,8041,8036,8049,8055,8047,8041,8055,8042,8062,8057,8059,8062,8055,8055,8058,8056,8059,8058,8055,8047,8055,8053,8061,8063,8061,8057,8055,8052,8055,8051,8055,8064,8045,8056,8067,8052,8054,8044,8046,8046,8045,8058,8056,8057,8061,8043,8050,8009,8030,8016,8036,8033,8036,8031,8039,8042,8034,8036,8041,8035,8040,8053,8048,8055,8055,8055,8054,8052,8049,8055,8059,8051,8072,8073,8056,8065,8063,8062,8059,8060,8057,8067,8065,8067,8056,8061,8072,8064,8068,8069,8071,8062,8078,8076,8070,8079,8058,8063,8066,8065,8056,8074,8067,8060,8077,8074,8072,8016,8026,8014,8015,8016,8028,8026,8029,8035,8023,8023,8038,8022,8032,8032,8042,8039,8032,8029,8045,8036,8033,8049,8040,8050,8052,8050,8049,8042,8052,8053,8067,8043,8058,8055,8058,8057,8045,8056,8057,8051,8055,8045,8046,8061,8060,8048,8045,8048,8051,8062,8057,8055,8050,8068,8061,8057,8035,8042,8056,8012,8014,8010,8020,8013,8017,8016,8017,7999,8021,8003,8019,8022,8028,8018,8024,8032,8038,8041,8045,8039,8043,8038,8033,8053,8035,8032,8056,8040,8039,8045,8035,8041,8061,8042,8050,8044,8050,8048,8044,8041,8044,8044,8044,8041,8044,8043,8035,8037,8051,8053,8049,8045,8049,8051,8061,8047,8043,8041,8047,8028,8019,8024,8031,8027,8032,8033,8039,8037,8012,8029,8035,8030,8028,8032,8042,8037,8046,8034,8045,8032,8039,8048,8034,8040,8045,8047,8047,8058,8037,8055,8046,8041,8046,8051,8037,8027,8039,8053,8044,8059,8056,8045,8050,8051,8055,8052,8052,8049,8048,8052,8061,8059,8049,8043,8050,8057,8058,8054,8050,8041,8034,8028,8054,8035,8030,8030,8047,8025,8026,8040,8031,8033,8038,8035,8041,8034,8049,8038,8054,8053,8053,8046,8042,8056,8054,8049,8059,8057,8056,8052,8054,8061,8048,8054,8059,8054,8058,8039,8054,8056,8057,8044,8042,8052,8044,8048,8056,8052,8059,8048,8055,8047,8042,8050,8045,8068,8048,8049,8075,8009,8023,8021,8014,8009,8023,8026,8021,8028,8020,8014,8028,8015,8034,8033,8031,8045,8044,8030,8040,8053,8047,8047,8046,8042,8048,8051,8040,8045,8046,8046,8037,8055,8045,8039,8053,8043,8044,8039,8045,8048,8042,8057,8052,8054,8043,8050,8042,8049,8038,8046,8045,8041,8046,8040,8039,8058,8046,8061,8061,8032,8029,8044,8031,8039,8031,8027,8036,8040,8029,8037,8049,8042,8045,8052,8045,8048,8041,8050,8050,8052,8044,8047,8055,8060,8077,8060,8064,8060,8068,8055,8059,8053,8058,8056,8061,8040,8050,8057,8052,8049,8046,8054,8048,8047,8043,8037,8043,8053,8050,8058,8055,8054,8045,8050,8046,8056,8052,8069,8076,8052,8047,8057,8054,8053,8050,8040,8047,8049,8040,8048,8047,8046,8053,8050,8052,8058,8051,8044,8049,8059,8057,8060,8053,8059,8056,8063,8064,8069,8064,8073,8067,8058,8061,8062,8064,8060,8064,8062,8058,8065,8053,8057,8060,8066,8046,8050,8048,8052,8058,8056,8059,8058,8054,8053,8062,8065,8063,8068,8080,8034,8030,8026,8035,8031,8044,8042,8042,8038,8028,8046,8042,8040,8051,8046,8054,8054,8045,8042,8046,8041,8058,8060,8060,8052,8048,8050,8051,8043,8050,8050,8058,8057,8058,8055,8044,8049,8057,8056,8058,8047,8044,8041,8045,8052,8044,8045,8044,8032,8036,8042,8049,8050,8048,8042,8042,8039,8050,8044,8049,8033,8022,8036,8034,8022,8031,8020,8032,8045,8035,8043,8041,8053,8048,8039,8041,8043,8051,8064,8050,8053,8048,8060,8040,8062,8066,8071,8059,8064,8068,8072,8062,8051,8055,8042,8056,8044,8050,8039,8050,8050,8055,8052,8049,8060,8051,8066,8048,8047,8050,8048,8049,8058,8041,8045,8045,8047,8042,8052,8060,8020,8040,8031,8027,8029,8029,8039,8036,8036,8030,8037,8038,8054,8039,8045,8045,8040,8055,8051,8055,8073,8074,8078,8059,8053,8054,8046,8066,8062,8060,8054,8049,8065,8064,8064,8052,8049,8056,8065,8061,8055,8055,8065,8050,8058,8049,8037,8049,8060,8051,8053,8060,8055,8043,8055,8049,8052,8045,8042,8047,8031,8042,8035,8024,8039,8047,8038,8035,8035,8036,8037,8044,8044,8039,8049,8051,8054,8064,8062,8087,8108,8099,8081,8071,8059,8063,8058,8064,8063,8049,8067,8059,8063,8049,8055,8063,8060,8049,8054,8043,8050,8054,8059,8045,8056,8046,8043,8056,8053,8041,8046,8052,8044,8039,8057,8054,8049,8065,8045,8055,8017,8022,8018,8028,8021,8016,8028,8036,8018,8031,8031,8028,8037,8038,8036,8035,8054,8048,8084,8101,8117,8096,8068,8063,8062,8040,8061,8058,8059,8056,8062,8048,8055,8047,8053,8054,8060,8043,8050,8048,8039,8039,8046,8041,8049,8036,8045,8032,8046,8046,8046,8040,8054,8044,8050,8040,8052,8051,8033,8044,8021,8016,8025,8048,8035,8025,8048,8035,8024,8036,8039,8054,8042,8044,8050,8048,8055,8075,8082,8119,8115,8091,8074,8062,8071,8061,8066,8065,8063,8058,8071,8062,8061,8061,8056,8057,8054,8045,8047,8059,8055,8058,8041,8052,8051,8031,8054,8062,8054,8043,8031,8043,8052,8054,8046,8036,8049,8055,8041,8034,8031,8024,8025,8029,8035,8019,8039,8037,8034,8041,8032,8029,8038,8043,8044,8038,8059,8066,8099,8110,8102,8082,8072,8061,8074,8069,8056,8060,8074,8069,8064,8066,8061,8064,8057,8064,8066,8058,8066,8056,8049,8052,8051,8055,8038,8046,8051,8043,8048,8049,8051,8040,8044,8042,8042,8034,8040,8040,8049,8036,8034,8041,8028,8044,8037,8031,8028,8043,8044,8044,8054,8052,8056,8042,8059,8060,8071,8071,8099,8113,8117,8108,8079,8074,8075,8066,8079,8069,8066,8068,8076,8072,8070,8071,8067,8070,8064,8061,8057,8066,8054,8054,8060,8060,8046,8041,8048,8059,8053,8052,8052,8060,8051,8057,8047,8053,8041,8045,8055,8041,8032,8031,8020,8025,8038,8029,8032,8027,8030,8037,8029,8046,8045,8046,8046,8050,8060,8060,8098,8134,8117,8101,8085,8073,8072,8067,8059,8068,8064,8075,8078,8066,8082,8068,8080,8063,8071,8064,8059,8045,8054,8060,8050,8050,8049,8057,8051,8052,8047,8048,8048,8042,8045,8047,8049,8048,8044,8052,8049,8058,8024,8039,8032,8046,8049,8041,8024,8054,8035,8034,8029,8034,8045,8047,8051,8046,8059,8068,8120,8146,8122,8115,8096,8094,8089,8080,8079,8088,8079,8085,8082,8084,8082,8083,8075,8080,8074,8078,8080,8063,8068,8064,8066,8061,8054,8049,8056,8059,8054,8040,8042,8043,8042,8043,8044,8049,8048,8055,8052,8056,8032,8042,8035,8046,8028,8046,8042,8038,8040,8044,8042,8044,8052,8055,8059,8061,8072,8076,8115,8150,8144,8134,8119,8096,8099,8082,8089,8085,8084,8087,8094,8095,8090,8099,8091,8079,8081,8075,8065,8065,8058,8061,8049,8058,8063,8047,8049,8052,8048,8047,8053,8045,8057,8048,8041,8038,8050,8052,8042,8059,8021,8039,8019,8019,8033,8024,8030,8027,8033,8033,8025,8042,8046,8037,8043,8055,8062,8062,8116,8153,8168,8147,8118,8109,8106,8085,8094,8086,8078,8080,8103,8095,8104,8125,8119,8118,8093,8079,8070,8068,8055,8061,8065,8065,8048,8051,8042,8050,8039,8046,8032,8040,8049,8029,8040,8036,8037,8042,8038,8041,8033,8030,8026,8036,8042,8039,8040,8046,8050,8030,8051,8046,8061,8067,8064,8062,8067,8077,8107,8167,8188,8168,8135,8118,8109,8098,8096,8099,8095,8106,8109,8128,8141,8153,8137,8112,8086,8087,8075,8065,8073,8058,8059,8049,8070,8052,8062,8057,8050,8055,8046,8050,8054,8055,8042,8045,8056,8054,8053,8047,8028,8028,8016,8036,8045,8028,8047,8035,8047,8049,8045,8053,8055,8061,8054,8064,8063,8090,8098,8144,8172,8156,8136,8127,8117,8110,8102,8101,8092,8104,8115,8144,8165,8168,8129,8109,8086,8081,8079,8069,8064,8064,8051,8052,8051,8055,8049,8043,8063,8044,8050,8046,8053,8049,8046,8046,8044,8047,8056,8036,8031,8021,8035,8034,8024,8031,8032,8042,8031,8049,8043,8047,8053,8065,8051,8071,8068,8080,8085,8139,8177,8180,8171,8164,8142,8128,8115,8110,8101,8109,8131,8161,8195,8181,8132,8105,8089,8084,8085,8070,8066,8056,8047,8059,8059,8049,8054,8045,8047,8052,8040,8035,8033,8052,8038,8037,8044,8044,8045,8057,8033,8022,8041,8037,8042,8039,8050,8047,8047,8056,8059,8045,8038,8056,8062,8073,8073,8094,8093,8134,8182,8208,8202,8181,8178,8153,8128,8130,8116,8119,8148,8171,8191,8167,8137,8126,8101,8089,8082,8082,8074,8074,8068,8061,8068,8057,8062,8069,8057,8051,8060,8048,8041,8045,8045,8039,8065,8057,8056,8044,8037,8034,8024,8052,8029,8034,8037,8042,8044,8058,8057,8057,8061,8060,8066,8068,8072,8092,8101,8121,8175,8206,8203,8201,8191,8168,8143,8134,8128,8132,8153,8179,8177,8186,8162,8138,8103,8092,8084,8080,8089,8079,8077,8066,8070,8063,8066,8071,8064,8066,8068,8055,8061,8055,8063,8051,8053,8056,8052,8055,8028,8031,8037,8040,8036,8045,8031,8033,8036,8043,8045,8050,8056,8048,8075,8076,8066,8091,8094,8115,8185,8214,8220,8193,8184,8165,8132,8128,8126,8136,8153,8182,8176,8183,8165,8132,8100,8092,8077,8083,8074,8071,8074,8066,8064,8055,8050,8061,8065,8061,8047,8049,8044,8051,8053,8054,8038,8034,8035,8040,8036,8026,8048,8040,8051,8038,8047,8038,8049,8042,8053,8053,8056,8055,8081,8074,8084,8091,8108,8128,8188,8242,8244,8223,8196,8186,8155,8136,8136,8136,8171,8180,8199,8217,8213,8177,8132,8098,8102,8089,8079,8083,8071,8071,8069,8071,8068,8061,8082,8064,8060,8066,8061,8059,8058,8072,8066,8069,8058,8050,8030,8031,8031,8032,8044,8037,8039,8042,8057,8051,8050,8065,8065,8063,8067,8065,8079,8094,8110,8135,8210,8235,8247,8228,8218,8189,8165,8147,8139,8146,8178,8197,8219,8238,8234,8204,8136,8108,8100,8085,8073,8060,8065,8058,8068,8055,8062,8062,8061,8051,8060,8051,8047,8056,8046,8060,8051,8047,8053,8056,8040,8034,8030,8035,8036,8042,8038,8045,8050,8050,8049,8061,8049,8070,8072,8076,8084,8106,8097,8136,8197,8234,8259,8249,8229,8216,8176,8167,8167,8171,8186,8201,8214,8224,8228,8212,8151,8123,8099,8092,8081,8074,8070,8064,8054,8058,8062,8063,8057,8049,8051,8041,8050,8040,8046,8057,8057,8063,8054,8052,8028,8020,8019,8041,8041,8046,8033,8037,8048,8050,8046,8049,8056,8060,8054,8059,8081,8094,8119,8139,8190,8229,8247,8247,8243,8205,8188,8174,8174,8173,8185,8174,8195,8212,8216,8202,8165,8119,8097,8080,8075,8075,8063,8062,8069,8058,8055,8062,8047,8057,8053,8048,8042,8038,8048,8047,8050,8043,8044,8056,8044,8039,8038,8029,8038,8051,8036,8046,8051,8054,8047,8062,8061,8060,8062,8079,8086,8105,8157,8198,8210,8228,8243,8239,8254,8226,8202,8206,8208,8210,8212,8217,8223,8219,8222,8217,8175,8143,8099,8102,8084,8086,8071,8076,8061,8057,8065,8060,8061,8054,8057,8060,8054,8048,8052,8065,8065,8059,8064,8062,8026,8034,8043,8048,8062,8046,8037,8048,8063,8060,8053,8064,8061,8068,8078,8076,8095,8120,8190,8233,8219,8220,8235,8238,8250,8222,8208,8214,8226,8223,8234,8243,8249,8245,8231,8218,8186,8138,8101,8088,8090,8088,8074,8075,8066,8065,8063,8064,8065,8065,8062,8055,8048,8056,8046,8053,8063,8068,8062,8062,8045,8045,8046,8039,8044,8036,8039,8046,8054,8057,8067,8063,8068,8083,8089,8089,8107,8130,8206,8255,8242,8234,8238,8251,8246,8225,8213,8222,8238,8245,8249,8258,8254,8250,8249,8230,8187,8138,8108,8100,8094,8090,8085,8083,8068,8071,8071,8059,8059,8066,8058,8070,8065,8063,8050,8067,8065,8064,8054,8066,8040,8042,8031,8038,8035,8039,8036,8037,8041,8048,8045,8054,8056,8058,8068,8080,8111,8107,8194,8244,8225,8220,8210,8226,8219,8226,8210,8202,8221,8243,8243,8241,8254,8243,8222,8190,8159,8126,8123,8106,8096,8088,8083,8077,8071,8063,8070,8053,8053,8062,8058,8066,8065,8061,8068,8060,8065,8063,8080,8077,8046,8051,8045,8050,8048,8033,8050,8038,8053,8065,8068,8072,8069,8086,8085,8096,8114,8131,8205,8255,8236,8229,8234,8234,8229,8246,8217,8233,8243,8252,8255,8234,8226,8197,8184,8152,8147,8133,8118,8111,8095,8095,8089,8079,8088,8074,8073,8082,8076,8072,8073,8071,8065,8066,8069,8063,8060,8073,8064,8065,8041,8055,8049,8038,8040,8047,8043,8056,8058,8053,8062,8071,8076,8084,8089,8100,8111,8141,8217,8257,8217,8203,8212,8231,8226,8223,8232,8227,8231,8221,8219,8206,8182,8153,8144,8135,8123,8115,8112,8097,8095,8093,8081,8074,8068,8071,8074,8073,8067,8062,8071,8065,8064,8059,8064,8062,8056,8068,8058,8061,8043,8043,8040,8042,8039,8037,8040,8046,8056,8054,8067,8071,8072,8068,8096,8094,8097,8161,8222,8245,8212,8195,8207,8210,8215,8210,8222,8215,8228,8219,8209,8186,8165,8145,8139,8130,8120,8127,8110,8112,8099,8093,8084,8080,8082,8070,8067,8068,8051,8051,8046,8052,8043,8039,8045,8053,8053,8047,8046,8045,8046,8047,8039,8047,8049,8044,8051,8067,8055,8054,8073,8067,8079,8095,8082,8094,8104,8157,8240,8258,8221,8214,8213,8210,8214,8212,8218,8227,8232,8225,8231,8214,8184,8155,8154,8149,8141,8133,8132,8127,8130,8145,8116,8094,8078,8078,8062,8076,8072,8071,8063,8058,8069,8065,8065,8059,8051,8062,8056,8057,8060,8042,8050,8054,8051,8044,8056,8050,8072,8069,8062,8057,8074,8087,8087,8102,8110,8178,8249,8249,8227,8220,8225,8207,8212,8215,8229,8237,8239,8239,8227,8217,8183,8161,8167,8154,8158,8143,8153,8177,8197,8189,8165,8109,8079,8071,8073,8071,8064,8063,8065,8055,8057,8064,8053,8072,8059,8068,8063,8057,8038,8035,8043,8045,8042,8057,8049,8054,8057,8057,8069,8062,8072,8065,8089,8094,8123,8173,8246,8269,8243,8242,8249,8236,8231,8231,8250,8254,8257,8254,8236,8227,8217,8204,8208,8207,8209,8202,8205,8228,8215,8198,8150,8108,8073,8081,8076,8068,8061,8053,8044,8061,8051,8053,8054,8054,8052,8058,8059,8058,8026,8034,8031,8040,8043,8035,8045,8032,8051,8059,8071,8063,8067,8080,8090,8101,8109,8158,8239,8271,8244,8238,8244,8231,8236,8241,8242,8256,8248,8245,8243,8234,8247,8252,8245,8233,8210,8201,8190,8204,8198,8154,8102,8087,8077,8067,8064,8064,8064,8065,8056,8062,8063,8057,8042,8060,8050,8056,8063,8055,8042,8039,8040,8043,8043,8043,8051,8056,8062,8064,8068,8077,8068,8079,8081,8088,8121,8141,8224,8261,8255,8247,8246,8247,8255,8263,8259,8269,8253,8239,8249,8260,8256,8231,8213,8179,8153,8135,8131,8128,8125,8104,8086,8083,8073,8068,8068,8050,8062,8069,8065,8058,8052,8063,8062,8058,8060,8063,8063,8055,8047,8050,8046,8045,8048,8047,8054,8070,8051,8073,8052,8058,8068,8085,8083,8089,8104,8127,8195,8257,8268,8253,8260,8255,8257,8266,8265,8270,8258,8243,8265,8260,8247,8185,8150,8140,8125,8119,8116,8103,8105,8086,8076,8084,8075,8063,8064,8061,8056,8052,8056,8057,8057,8043,8056,8051,8057,8061,8056,8057,8046,8035,8039,8051,8044,8043,8047,8043,8046,8071,8063,8059,8078,8076,8082,8091,8101,8128,8182,8242,8251,8254,8261,8264,8277,8272,8273,8269,8273,8256,8261,8254,8212,8172,8160,8152,8136,8113,8122,8108,8098,8082,8081,8077,8078,8071,8076,8059,8064,8061,8066,8065,8064,8066,8056,8048,8065,8060,8056,8072,8054,8054,8045,8056,8059,8049,8048,8064,8057,8065,8066,8084,8083,8088,8084,8097,8109,8133,8173,8239,8254,8260,8264,8275,8285,8280,8283,8277,8270,8261,8248,8241,8208,8175,8157,8153,8142,8132,8121,8110,8106,8101,8081,8088,8077,8077,8066,8074,8079,8069,8072,8070,8065,8073,8069,8063,8068,8072,8069,8073,8045,8036,8049,8050,8057,8060,8062,8063,8048,8047,8056,8068,8068,8071,8089,8091,8099,8125,8148,8212,8240,8243,8245,8268,8273,8270,8263,8269,8267,8256,8239,8198,8163,8150,8152,8142,8135,8112,8110,8098,8095,8092,8088,8081,8069,8071,8065,8072,8051,8055,8057,8060,8064,8050,8058,8053,8043,8044,8056,8063,8058,8043,8044,8052,8054,8047,8050,8056,8063,8054,8065,8065,8067,8065,8090,8072,8101,8116,8144,8185,8234,8248,8237,8246,8267,8280,8275,8283,8267,8258,8242,8218,8181,8161,8154,8140,8120,8126,8122,8111,8090,8083,8080,8068,8073,8079,8071,8074,8069,8071,8066,8067,8060,8061,8071,8068,8064,8058,8058,8068,8050,8040,8032,8042,8047,8041,8044,8056,8062,8060,8078,8071,8065,8072,8078,8081,8086,8112,8130,8160,8206,8226,8219,8221,8241,8264,8276,8267,8264,8264,8238,8188,8166,8159,8139,8129,8107,8108,8097,8088,8085,8072,8071,8070,8061,8062,8059,8063,8067,8058,8061,8053,8056,8057,8051,8059,8048,8048,8050,8049,8054,8038,8030,8050,8049,8054,8045,8055,8052,8053,8048,8065,8068,8067,8076,8071,8075,8101,8115,8137,8178,8205,8222,8211,8231,8250,8269,8267,8262,8256,8223,8165,8159,8149,8143,8127,8119,8112,8110,8095,8081,8076,8066,8064,8054,8066,8064,8057,8054,8076,8057,8061,8070,8052,8052,8067,8054,8059,8057,8066,8037,8032,8042,8043,8036,8049,8034,8046,8044,8044,8047,8058,8058,8057,8061,8070,8072,8087,8104,8117,8138,8154,8201,8207,8203,8225,8239,8250,8256,8239,8197,8159,8143,8145,8131,8129,8107,8106,8092,8081,8071,8072,8063,8055,8059,8059,8059,8043,8049,8056,8054,8048,8046,8045,8046,8039,8051,8053,8049,8050,8031,8036,8032,8046,8037,8045,8048,8052,8032,8050,8048,8046,8060,8057,8067,8059,8074,8088,8094,8109,8141,8140,8159,8173,8186,8208,8250,8270,8280,8267,8219,8156,8136,8139,8134,8123,8120,8096,8092,8075,8061,8057,8052,8056,8059,8051,8050,8055,8052,8049,8064,8055,8062,8066,8048,8063,8047,8045,8049,8045,8044,8031,8039,8050,8045,8044,8044,8039,8055,8051,8055,8056,8057,8048,8060,8062,8080,8086,8088,8111,8142,8149,8155,8164,8159,8198,8266,8283,8281,8273,8239,8170,8149,8131,8135,8131,8123,8101,8091,8074,8073,8077,8066,8059,8049,8053,8053,8059,8053,8046,8047,8056,8053,8044,8051,8044,8052,8041,8049,8045,8021,8018,8038,8038,8040,8025,8038,8037,8029,8043,8043,8049,8051,8051,8051,8052,8067,8078,8084,8099,8116,8154,8157,8132,8145,8187,8246,8273,8265,8262,8230,8159,8145,8138,8128,8139,8118,8104,8085,8070,8061,8061,8059,8056,8055,8057,8060,8059,8053,8032,8043,8058,8045,8040,8042,8050,8051,8056,8052,8056,8042,8030,8037,8041,8037,8041,8040,8044,8032,8040,8052,8046,8056,8052,8046,8054,8067,8062,8064,8084,8100,8128,8144,8141,8133,8147,8190,8246,8247,8239,8175,8146,8131,8119,8134,8117,8102,8088,8075,8068,8058,8058,8044,8056,8056,8047,8046,8040,8056,8037,8056,8051,8057,8056,8045,8050,8046,8044,8035,8049,8021,8035,8030,8039,8040,8031,8040,8034,8043,8047,8055,8049,8059,8055,8055,8044,8074,8083,8080,8090,8091,8096,8127,8135,8134,8133,8140,8167,8194,8163,8146,8115,8126,8133,8130,8128,8099,8087,8098,8076,8063,8063,8054,8050,8049,8058,8065,8055,8043,8050,8052,8047,8045,8045,8063,8050,8053,8057,8051,8053,8027,8029,8028,8021,8028,8024,8042,8032,8046,8038,8028,8033,8043,8052,8059,8055,8060,8066,8073,8077,8072,8085,8104,8112,8126,8127,8128,8121,8119,8133,8118,8110,8103,8103,8113,8112,8075,8078,8066,8073,8051,8057,8047,8057,8046,8053,8049,8053,8043,8050,8046,8058,8048,8037,8044,8047,8046,8038,8052,8052,8026,8036,8036,8056,8036,8051,8036,8052,8034,8049,8037,8053,8050,8044,8054,8059,8065,8064,8076,8061,8077,8093,8090,8094,8130,8109,8109,8102,8114,8108,8109,8100,8110,8107,8097,8089,8094,8093,8085,8077,8070,8065,8067,8062,8066,8055,8048,8057,8057,8047,8046,8045,8044,8044,8058,8058,8051,8061,8056,8062,8027,8027,8021,8041,8033,8027,8040,8029,8033,8031,8031,8038,8046,8035,8042,8042,8043,8044,8068,8066,8068,8069,8068,8071,8101,8097,8104,8094,8085,8099,8090,8103,8116,8111,8085,8082,8065,8070,8062,8062,8055,8053,8065,8048,8055,8057,8050,8054,8038,8039,8037,8038,8040,8033,8045,8043,8049,8040,8058,8049,8037,8042,8036,8036,8045,8051,8052,8042,8055,8051,8058,8042,8053,8060,8053,8051,8068,8075,8069,8074,8075,8074,8088,8092,8093,8104,8095,8109,8107,8093,8095,8110,8106,8098,8082,8075,8079,8079,8067,8058,8057,8058,8057,8066,8056,8058,8046,8052,8037,8058,8052,8047,8065,8057,8057,8072,8042,8059,8062,8060,8053,8032,8030,8040,8046,8032,8044,8026,8036,8038,8046,8059,8047,8051,8047,8047,8059,8049,8057,8057,8056,8068,8075,8079,8075,8078,8086,8088,8080,8088,8079,8089,8092,8086,8090,8076,8076,8067,8062,8077,8065,8056,8070,8064,8057,8061,8073,8050,8057,8049,8050,8053,8056,8047,8047,8052,8048,8062,8062,8061,8030,8028,8038,8046,8035,8040,8040,8036,8028,8044,8041,8052,8048,8050,8060,8036,8059,8057,8056,8063,8064,8076,8069,8078,8076,8082,8079,8087,8082,8087,8083,8084,8088,8089,8080,8079,8069,8080,8075,8070,8054,8067,8062,8050,8055,8050,8061,8057,8054,8064,8052,8066,8063,8051,8049,8053,8053,8051,8059,8060,8026,8042,8024,8027,8034,8024,8033,8047,8043,8029,8037,8033,8042,8041,8043,8035,8039,8032,8039,8046,8045,8053,8042,8057,8064,8057,8075,8062,8074,8069,8062,8080,8061,8051,8058,8062,8053,8044,8055,8052,8048,8049,8054,8043,8058,8035,8054,8040,8041,8047,8033,8045,8032,8042,8033,8058,8062,8051,8044,8068,8019,8033,8044,8055,8038,8049,8046,8043,8049,8040,8062,8038,8039,8037,8044,8051,8053,8050,8054,8052,8050,8054,8058,8073,8064,8071,8057,8069,8062,8063,8046,8061,8063,8057,8063,8064,8054,8058,8060,8053,8042,8048,8042,8048,8047,8051,8043,8050,8052,8042,8050,8047,8050,8054,8055,8050,8049,8049,8057,8059,8020,8019,8030,8033,8035,8029,8023,8042,8025,8033,8035,8040,8033,8031,8039,8039,8021,8041,8023,8024,8039,8034,8041,8042,8039,8054,8056,8049,8044,8046,8049,8053,8050,8048,8053,8058,8044,8051,8055,8058,8045,8036,8038,8042,8042,8045,8033,8047,8037,8042,8051,8040,8040,8042,8046,8036,8055,8031,8043,8036,8033,8033,8025,8033,8027,8035,8035,8045,8045,8051,8047,8048,8061,8039,8047,8043,8048,8044,8035,8050,8050,8052,8050,8058,8057,8067,8046,8064,8046,8053,8055,8059,8065,8057,8045,8064,8057,8052,8061,8054,8041,8046,8045,8045,8063,8048,8045,8046,8047,8045,8057,8056,8040,8053,8059,8052,8061,8062,8060,8062,8028,8018,8023,8032,8009,8029,8026,8028,8018,8032,8036,8039,8016,8019,8035,8034,8033,8030,8039,8042,8044,8049,8046,8044,8042,8045,8053,8049,8043,8052,8039,8044,8051,8049,8043,8043,8037,8047,8040,8043,8038,8030,8033,8036,8034,8044,8034,8049,8036,8042,8045,8046,8031,8041,8042,8045,8046,8038,8032,8036,7999,8022,8017,8022,8011,8010,8016,8027,8035,8027,8030,8022,8041,8034,8038,8034,8029,8029,8041,8036,8044,8033,8050,8036,8034,8029,8037,8039,8033,8038,8048,8041,8038,8037,8042,8031,8024,8024,8038,8046,8036,8042,8036,8039,8033,8029,8037,8024,8031,8035,8041,8046,8046,8035,8025,8055,8037,8044,8040,8040,8043,8037,8041,8038,8038,8037,8044,8032,8042,8043,8047,8053,8049,8048,8047,8053,8048,8054,8043,8063,8051,8054,8047,8043,8041,8047,8051,8050,8055,8048,8050,8054,8049,8050,8049,8063,8052,8042,8051,8046,8040,8044,8038,8046,8044,8045,8053,8040,8060,8067,8055,8050,8047,8049,8066,8048,8061,8041,8046,8052,8029,8025,8042,8036,8023,8016,8019,8029,8022,8028,8029,8032,8041,8019,8029,8035,8039,8038,8033,8030,8031,8043,8037,8041,8060,8039,8044,8035,8043,8042,8038,8045,8043,8049,8053,8052,8039,8042,8043,8051,8044,8040,8057,8043,8047,8042,8028,8043,8040,8049,8044,8044,8033,8044,8047,8028,8037,8033,8032,8049,8038,8037,8009,8032,8027,8030,8016,8023,8046,8028,8029,8035,8029,8033,8033,8038,8032,8035,8030,8031,8046,8031,8045,8043,8042,8039,8043,8034,8043,8051,8048,8044,8042,8036,8032,8040,8041,8041,8052,8037,8049,8032,8036,8048,8054,8040,8039,8064,8056,8035,8050,8038,8040,8049,8032,8033,8048,8046,8054,8050,8037,8031,8022,8027,8022,8029,8026,8015,8039,8033,8032,8034,8038,8030,8015,8039,8034,8034,8033,8042,8037,8037,8032,8037,8033,8049,8030,8052,8037,8025,8032,8037,8042,8039,8035,8043,8032,8039,8032,8052,8030,8037,8043,8041,8045,8035,8046,8036,8030,8043,8034,8039,8038,8022,8027,8038,8022,8032,8045,8038,8024,8029,8035,8021,8021,8030,8037,8029,8037,8031,8035,8041,8039,8044,8037,8033,8038,8031,8042,8052,8042,8034,8050,8028,8034,8041,8041,8046,8044,8048,8043,8052,8032,8043,8030,8040,8034,8037,8034,8029,8055,8029,8029,8038,8019,8030,8012,8019,8057,8037,8045,8032,8042,8047,8044,8026,8021,8036,8033,8036,8022,8030,8027,8030,8036,8031,8040,8033,8047,8043,8046,8042,8053,8044,8040,8047,8041,8045,8031,8040,8032,8027,8036,8048,8036,8048,8031,8053,8032,8046,8038,8044,8053,8041,8047,8044,8034,8042,8054,8047,8040,8040,8046,8036,8040,8026,8037,8042,8037,8039,8030,8048,8030,8030,8036,8028,8036,8018,8022,8046,8036,8021,8026,8040,8046,8029,8028,8036,8030,8049,8036,8022,8036,8033,8040,8036,8028,8041,8028,8034,8039,8041,8029,8036,8039,8047,8046,8039,8041,8052,8050,8041,8037,8033,8039,8047,8043,8040,8044,8037,8042,8036,8036,8043,8029,8038,8038,8036,8032,8047,8039,8025,8033,8035,8038,8050,8025,8042,8037,8023,28.71,25.22,False,1,0,16,27,21,34