7992,7995,8020,8002,7989,7997,7965,7978,7987,7994,8011,8003,7978,7987,7998,7994,7981,8006,7982,7996,7987,8007,8000,8014,7991,8001,8010,7986,8001,7998,7986,7988,7997,8004,8005,7991,8005,8003,8016,8017,8010,8017,8013,8017,8006,8008,8029,8016,8026,8008,8043,8019,8029,8007,8012,8023,8028,8023,8018,8035,8020,8034,8037,8026,8029,8023,8018,8009,8036,8017,8014,8028,8028,8005,8000,8020,8040,8034,8004,8010,
7977,7990,7988,7996,7982,7971,7974,7985,7981,8005,7998,7996,7991,7964,7981,7991,7993,8006,7990,7991,7993,8004,7992,8002,7979,7999,8008,7988,8010,8002,7983,7993,7989,8011,8004,7993,8002,8012,8005,8000,8010,8024,8012,8011,8014,8010,8019,8017,7997,8013,8028,8024,8026,8030,8024,8014,8021,8018,8027,8033,8031,8017,8031,8044,8042,8035,8024,8007,8036,8015,8005,8011,8019,8003,8021,8005,8038,8020,7988,8002,
7985,7989,8001,7989,7982,7994,7961,7944,7991,7999,7983,7987,7989,7977,7988,7998,7989,7994,7984,8002,7989,7997,8005,8007,7990,7997,7997,7991,8016,8009,7997,7997,7983,8002,8019,7989,7997,8007,8007,8002,7994,8006,8014,8021,8008,8012,8037,8005,8017,8002,8022,8029,8047,8017,8019,8032,8033,8044,8031,8040,8022,8030,8017,8029,8030,8023,8012,8012,8023,8033,8031,8022,8034,8018,8010,8028,8011,8027,8014,8021,
7981,7997,7995,7997,7972,7990,8006,7985,7987,8002,7998,8004,7990,7970,7990,7997,7988,7994,7975,8007,7997,7991,7993,8020,7992,8003,8005,7999,8015,7999,7998,7999,7993,8010,8016,7994,8004,8015,8016,8008,8003,8023,8018,8020,8023,8024,8024,8024,8019,8030,8036,8034,8045,8022,8042,8026,8040,8045,8039,8070,8042,8048,8027,8038,8050,8032,8034,8011,8041,8028,8026,8035,8031,8017,7994,8023,8031,8021,8028,8022,
7983,7983,8008,7995,7966,7995,7992,7986,7983,8002,8007,8011,7988,7980,8002,7990,8017,8008,7986,8005,7981,8005,8012,8006,7987,7978,8017,7992,8017,7997,7984,8007,8012,8001,8018,7996,8014,8015,8009,8016,8003,8014,8010,8012,8015,8026,8019,8022,8029,8026,8034,8033,8029,8042,8030,8043,8045,8055,8047,8070,8055,8059,8047,8034,8035,8047,8040,8029,8043,8023,8036,8028,8044,8020,8015,8032,8046,8041,8020,8038,
7991,7990,8018,7987,7981,8009,7997,7989,7986,8002,8005,8007,8009,7976,8003,7996,8008,8020,7983,8002,7985,8007,8007,8013,7994,8003,8014,8009,8024,7998,8000,8005,7983,8011,8002,7994,8004,8005,8021,8006,8017,8011,8020,8025,8012,8017,8025,8029,8036,8027,8038,8045,8042,8055,8047,8047,8055,8069,8076,8086,8047,8072,8050,8064,8059,8033,8065,8035,8054,8044,8046,8046,8054,8028,8003,8027,8030,8030,8013,8042,
8008,7976,7996,7972,7982,7981,7986,7996,8002,7990,8003,8004,8007,7985,8001,7988,7987,8006,7984,8002,7993,8002,7999,8000,7983,8009,8015,8000,8020,8012,8002,8002,8002,8004,7997,8003,8006,8004,8004,8011,8031,8014,8017,8032,8015,8017,8027,8019,8026,8027,8044,8056,8046,8047,8058,8053,8076,8082,8078,8109,8081,8070,8069,8062,8082,8063,8049,8033,8043,8055,8029,8057,8049,8037,8014,8027,8039,8036,8027,8025,
8013,7972,8001,8004,7978,7991,7982,7985,7993,8001,8002,8015,8001,7988,8003,7998,7993,8012,7997,7993,7997,8007,8004,8024,7983,8001,8006,8002,8010,7995,7988,8005,7990,7997,8007,7999,8016,8019,8026,8020,8016,8022,8010,8020,8014,8012,8014,8037,8036,8036,8049,8043,8058,8052,8066,8082,8114,8126,8138,8149,8127,8131,8067,8071,8067,8063,8058,8039,8061,8060,8041,8046,8055,8029,8040,8036,8050,8043,8033,8041,
7991,7995,7988,7998,7987,8000,7987,7976,7991,7981,7999,8021,7995,7974,7996,8006,7998,8019,7994,8012,8001,8001,8012,8016,7993,8021,8020,8007,8023,8003,8022,8009,8007,8007,8013,7996,8020,8008,8031,8031,8023,8027,8026,8023,8017,8042,8036,8038,8057,8040,8042,8043,8070,8065,8072,8126,8143,8176,8161,8189,8176,8173,8150,8098,8096,8075,8081,8069,8068,8079,8046,8061,8059,8041,8049,8069,8081,8077,8076,8036,
7990,7978,7981,7973,7979,7999,7983,7980,7993,7982,8003,8003,7999,7992,7996,8003,7993,8011,7996,8012,8003,8012,7998,8009,7997,8011,8025,7983,8018,8010,8005,7996,8003,8008,7998,8004,8012,8015,8030,8016,8018,8032,8041,8019,8029,8039,8035,8029,8041,8047,8052,8054,8059,8064,8086,8149,8165,8196,8203,8207,8194,8205,8188,8145,8118,8086,8088,8068,8088,8077,8077,8092,8061,8067,8089,8058,8069,8062,8067,8059,
8000,7982,7992,7977,7999,7984,7998,7969,7983,7981,7996,8002,7994,7974,8000,8016,7989,8011,8002,8013,8014,8011,8007,8014,7996,8013,8007,8007,8020,8007,8005,8010,8003,8014,7997,8006,8016,8019,8030,8025,8004,8030,8021,8034,8030,8034,8040,8033,8050,8049,8055,8075,8075,8082,8128,8182,8190,8210,8220,8210,8207,8225,8210,8185,8169,8100,8093,8071,8097,8087,8111,8112,8114,8108,8119,8090,8104,8086,8062,8044,
7994,7989,8008,7979,7986,7983,7994,7974,7974,7989,8007,8020,8001,7983,7997,8015,8007,8019,8011,8010,7999,8007,8004,8013,8001,8025,8007,8005,8022,7999,8007,8015,8008,8020,8003,8003,8017,8016,8031,8012,8016,8038,8032,8023,8022,8039,8049,8034,8052,8050,8059,8067,8097,8126,8162,8201,8196,8217,8223,8234,8236,8229,8205,8197,8212,8177,8111,8102,8113,8128,8124,8147,8133,8139,8137,8133,8136,8100,8086,8076,
8019,8010,8019,7997,7996,8004,7989,7976,7994,7996,7999,8009,7997,7989,8012,8025,7999,8003,8000,8016,8004,8015,8008,8015,8002,8023,8008,7992,8016,8017,8007,8001,8018,8021,8002,8009,8023,8022,8027,8021,8033,8042,8032,8028,8031,8045,8049,8045,8045,8056,8051,8080,8119,8167,8193,8210,8216,8236,8232,8249,8239,8225,8230,8222,8227,8214,8212,8175,8184,8194,8156,8164,8153,8147,8148,8141,8137,8110,8092,8048,
8021,8014,8013,7999,7997,7988,7987,7974,8003,7984,7999,8023,8009,7982,7999,8011,8013,8016,8002,8020,8000,8014,8001,8006,7990,8007,8011,8010,8018,8018,8027,8013,8008,8023,8007,8020,8024,8016,8038,8028,8027,8031,8026,8046,8038,8056,8046,8039,8062,8058,8064,8100,8134,8159,8186,8201,8214,8224,8239,8260,8256,8233,8223,8221,8241,8239,8230,8218,8229,8204,8188,8165,8154,8152,8131,8148,8108,8129,8099,8066,
8012,8009,8022,8006,8007,8001,8000,7983,7988,7998,8013,8014,8017,7992,8013,8010,8016,8009,7998,8013,8000,8027,8012,8026,8008,8035,8018,8016,8012,8010,8017,8015,8004,8024,8012,8017,8028,8013,8034,8035,8031,8027,8040,8031,8033,8038,8042,8052,8072,8062,8085,8121,8146,8171,8182,8214,8215,8235,8236,8257,8253,8222,8227,8219,8241,8227,8239,8238,8241,8203,8171,8176,8168,8151,8139,8127,8145,8128,8093,8078,
8019,8006,8024,8001,8008,8007,8006,7995,7991,7993,8013,8025,8013,7996,8014,8014,8018,8016,8016,8023,8007,8015,8020,8025,7998,8017,8012,8014,8026,8016,8014,8011,8012,8023,8031,8013,8027,8021,8042,8034,8040,8042,8041,8040,8049,8050,8047,8049,8065,8084,8105,8141,8166,8173,8198,8218,8210,8241,8228,8241,8235,8256,8245,8230,8253,8240,8248,8249,8244,8204,8193,8190,8159,8150,8148,8131,8148,8125,8092,8060,
8029,8018,8031,8012,8023,8014,8017,7996,8010,8011,8002,8011,8006,7992,8011,8017,8010,8022,8007,8028,8009,8017,8018,8015,8012,8025,8025,8020,8030,8019,8033,8030,8023,8030,8020,8035,8035,8034,8035,8033,8039,8041,8047,8043,8041,8042,8061,8078,8081,8106,8119,8146,8166,8176,8211,8222,8231,8244,8231,8258,8247,8251,8258,8235,8237,8234,8265,8241,8243,8230,8201,8174,8174,8141,8130,8130,8149,8130,8093,8075,
8009,8019,8035,7999,8013,8025,8005,7992,7997,8005,8013,8003,8011,8004,8011,8007,8013,8023,8013,8036,8005,8030,8011,8026,8006,8021,8021,8027,8027,8028,8021,8024,8026,8034,8031,8027,8030,8033,8040,8044,8042,8040,8044,8037,8044,8053,8073,8081,8106,8130,8122,8141,8171,8177,8200,8235,8214,8233,8233,8250,8242,8246,8252,8250,8248,8246,8259,8239,8241,8211,8212,8182,8159,8152,8122,8121,8133,8108,8085,8067,
8013,8026,8011,7999,8014,8009,8002,7981,8006,8006,8002,8006,8018,8003,8016,8016,8023,8028,8007,8023,8002,8025,8010,8028,8005,8021,8025,8025,8031,8026,8019,8022,8014,8034,8021,8014,8025,8032,8037,8036,8034,8043,8046,8047,8043,8056,8068,8098,8109,8124,8136,8149,8170,8167,8203,8215,8218,8228,8232,8245,8257,8259,8250,8258,8263,8232,8231,8213,8163,8123,8112,8132,8137,8138,8112,8098,8107,8106,8062,8060,
8020,8013,8031,8013,8030,8008,8001,7990,8012,8008,8017,8014,8013,7996,8013,8018,8008,8030,8016,8011,8023,8028,8013,8035,8032,8035,8034,8016,8033,8022,8025,8011,8015,8040,8034,8022,8054,8040,8055,8032,8045,8053,8050,8044,8056,8063,8093,8103,8127,8132,8152,8154,8176,8169,8201,8206,8213,8244,8253,8248,8256,8253,8256,8253,8261,8242,8218,8175,8139,8099,8089,8092,8097,8087,8071,8066,8072,8057,8056,8045,
8006,8004,8026,8015,8018,8017,8002,7986,8014,8013,8011,8023,8016,7997,8007,8027,8012,8030,8010,8032,8023,8022,8017,8031,8027,8031,8018,8019,8035,8021,8028,8033,8017,8033,8036,8028,8044,8029,8040,8051,8049,8052,8045,8052,8065,8087,8122,8119,8124,8129,8135,8156,8171,8174,8196,8223,8217,8244,8238,8259,8238,8252,8249,8249,8249,8211,8194,8148,8117,8096,8083,8088,8080,8063,8063,8056,8053,8066,8052,8035,
8014,8043,8033,8036,8012,8016,8007,7997,8022,8007,8026,8030,8021,7998,8017,8019,8026,8023,8017,8023,8028,8026,8022,8033,8020,8031,8036,8025,8028,8038,8021,8021,8030,8049,8030,8026,8045,8043,8039,8053,8046,8055,8052,8056,8073,8109,8141,8117,8126,8137,8141,8147,8179,8169,8206,8215,8223,8235,8239,8262,8246,8246,8246,8239,8252,8227,8208,8145,8116,8099,8081,8085,8091,8062,8065,8047,8068,8056,8056,8053,
8023,8034,8025,8022,8024,8014,8002,8011,8028,8023,8025,8008,8018,7999,8021,8026,8018,8027,8001,8031,8015,8040,8025,8030,8012,8032,8028,8024,8028,8030,8026,8028,8023,8039,8031,8022,8047,8042,8047,8054,8064,8054,8051,8073,8104,8101,8132,8120,8124,8146,8146,8149,8175,8175,8190,8210,8227,8248,8243,8265,8243,8246,8245,8221,8244,8203,8189,8130,8097,8090,8077,8090,8079,8059,8050,8047,8049,8068,8028,8053,
8017,8021,8045,8012,8019,8030,8025,8007,8024,8013,8016,8017,8020,8003,8018,8031,8033,8040,8022,8028,8028,8038,8026,8026,8027,8032,8016,8028,8037,8042,8027,8023,8022,8036,8031,8022,8049,8049,8049,8052,8044,8053,8051,8060,8087,8097,8115,8108,8117,8129,8137,8149,8167,8172,8207,8213,8207,8242,8236,8251,8232,8236,8221,8214,8224,8203,8185,8112,8100,8081,8056,8057,8069,8052,8058,8047,8053,8048,8046,8048,
8030,8046,8039,8033,8033,8023,8033,8013,8018,8001,8019,8033,8025,8019,8026,8020,8018,8030,8023,8038,8044,8038,8031,8042,8020,8031,8025,8027,8044,8045,8036,8026,8040,8050,8037,8039,8053,8046,8069,8045,8060,8060,8062,8069,8074,8085,8079,8101,8134,8137,8155,8151,8167,8147,8189,8203,8216,8221,8236,8247,8233,8237,8227,8211,8231,8209,8195,8143,8110,8088,8074,8067,8076,8046,8048,8043,8054,8044,8052,8048,
8021,8030,8046,8031,8042,8037,8025,8018,8020,8020,8014,8030,8028,8011,8017,8016,8024,8029,8051,8051,8049,8049,8038,8034,8018,8034,8031,8022,8038,8031,8050,8020,8045,8048,8026,8026,8053,8044,8045,8046,8052,8056,8059,8062,8060,8072,8089,8088,8133,8135,8154,8154,8155,8162,8177,8201,8202,8218,8213,8241,8220,8229,8214,8202,8225,8184,8173,8130,8100,8072,8076,8066,8068,8047,8057,8046,8053,8053,8045,8057,
8043,8042,8050,8029,8034,8033,8025,8013,8023,8022,8007,8036,8032,8007,8018,8019,8033,8046,8044,8055,8048,8043,8046,8023,8022,8007,8024,8040,8047,8033,8036,8031,8031,8038,8037,8031,8054,8036,8053,8046,8053,8061,8060,8062,8055,8051,8065,8091,8124,8140,8156,8136,8157,8158,8175,8195,8189,8208,8210,8209,8210,8199,8202,8189,8199,8184,8171,8121,8099,8079,8056,8060,8057,8039,8032,8036,8042,8043,8052,8046,
8048,8030,8047,8024,8035,8040,8037,8025,8029,8011,8020,8035,8030,8010,8020,8028,8030,8041,8031,8039,8039,8033,8022,8042,8027,8029,8030,8037,8032,8032,8029,8027,8027,8049,8039,8029,8049,8044,8044,8041,8051,8058,8064,8055,8050,8063,8064,8070,8104,8132,8143,8139,8160,8155,8167,8179,8184,8207,8191,8201,8189,8187,8177,8179,8189,8181,8152,8099,8089,8056,8062,8064,8051,8043,8054,8036,8053,8031,8031,8036,
8048,8043,8051,8029,8039,8042,8024,8026,8031,8011,8020,8029,8018,8016,8032,8027,8028,8032,8030,8055,8044,8042,8032,8039,8021,8031,8045,8036,8039,8034,8030,8036,8034,8048,8039,8021,8056,8044,8053,8034,8045,8055,8062,8046,8038,8057,8064,8061,8082,8113,8144,8143,8159,8136,8169,8177,8181,8182,8186,8200,8174,8186,8181,8176,8173,8156,8123,8083,8088,8060,8044,8067,8051,8051,8035,8036,8041,8032,8033,8042,
8036,8038,8048,8045,8037,8040,8024,8010,8014,8003,8028,8027,8027,8014,8033,8020,8035,8045,8051,8053,8051,8046,8033,8039,8023,8038,8027,8035,8038,8032,8031,8038,8023,8053,8044,8037,8045,8045,8051,8043,8050,8050,8062,8046,8055,8055,8071,8058,8069,8091,8092,8123,8143,8124,8152,8147,8159,8178,8180,8193,8189,8197,8179,8166,8184,8143,8087,8077,8081,8064,8054,8053,8054,8053,8042,8037,8025,8034,8038,8043,
8030,8030,8048,8030,8041,8040,8023,8011,8011,8014,8023,8026,8021,8009,8040,8022,8034,8040,8035,8047,8047,8045,8027,8043,8020,8022,8036,8039,8031,8020,8039,8027,8031,8044,8038,8040,8047,8037,8042,8045,8037,8058,8046,8050,8050,8046,8061,8065,8074,8078,8081,8094,8108,8097,8123,8149,8154,8168,8170,8187,8177,8181,8151,8133,8122,8082,8090,8060,8066,8052,8049,8049,8054,8045,8029,8035,8045,8034,8041,8050,
8030,8031,8054,8037,8019,8026,8029,8016,8012,8010,8027,8031,8029,8011,8038,8037,8038,8043,8033,8049,8035,8040,8031,8030,8021,8015,8033,8022,8039,8031,8033,8037,8024,8031,8033,8026,8057,8049,8046,8031,8045,8058,8060,8049,8057,8068,8065,8060,8051,8071,8086,8073,8093,8092,8121,8152,8164,8162,8164,8179,8149,8151,8104,8085,8099,8074,8075,8052,8078,8055,8051,8053,8046,8026,8030,8034,8038,8041,8031,8032,
8043,8045,8030,8040,8039,8023,8029,8008,8022,8028,8025,8035,8023,8017,8020,8032,8038,8017,8031,8031,8019,8030,8028,8036,8017,8044,8032,8025,8041,8042,8025,8045,8021,8030,8041,8029,8038,8045,8033,8044,8045,8055,8053,8045,8050,8030,8053,8055,8060,8076,8065,8065,8090,8094,8138,8153,8175,8160,8156,8159,8153,8118,8100,8062,8082,8076,8066,8056,8062,8039,8042,8045,8042,8027,8026,8028,8041,8030,8033,8024,
8019,8045,8029,8025,8031,8024,8027,8015,8026,8028,8020,8019,8021,8012,8023,8030,8029,8032,8003,8026,8014,8031,8036,8041,8023,8034,8026,8021,8044,8023,8024,8027,8023,8040,8031,8019,8046,8039,8037,8036,8042,8057,8039,8027,8045,8045,8056,8046,8064,8055,8064,8072,8102,8135,8169,8156,8171,8170,8153,8118,8091,8083,8072,8054,8081,8056,8062,8045,8051,8042,8046,8033,8050,8042,8042,8022,8038,8034,8035,8022,
8040,8029,8039,8041,8032,8032,8024,8004,8017,8019,8031,8026,8016,8017,8031,8022,8026,8027,8030,8038,8024,8025,8022,8025,8020,8031,8032,8029,8044,8035,8025,8026,8025,8039,8040,8023,8028,8041,8040,8040,8051,8037,8046,8048,8029,8043,8051,8051,8056,8067,8075,8095,8135,8149,8160,8167,8167,8154,8105,8099,8072,8065,8071,8043,8065,8051,8043,8037,8043,8019,8052,8036,8044,8016,8025,8031,8029,8034,8039,8031,
8018,8029,8031,8029,8035,8041,8025,8014,8014,8023,8025,8023,8029,8016,8016,8022,8039,8024,8022,8034,8020,8036,8026,8027,8018,8035,8037,8026,8042,8035,8027,8025,8014,8031,8022,8015,8043,8042,8030,8038,8045,8034,8044,8028,8031,8033,8060,8040,8046,8052,8076,8105,8140,8147,8164,8149,8127,8113,8068,8076,8063,8060,8068,8040,8063,8042,8045,8044,8038,8037,8029,8036,8042,8028,8021,8006,8016,8013,8028,8017,
8023,8037,8036,8051,8029,8035,8032,8023,8024,8016,8031,8027,8022,8027,8023,8024,8036,8031,8025,8030,8025,8040,8019,8034,8019,8034,8036,8022,8040,8013,8029,8029,8027,8048,8026,8022,8033,8042,8041,8043,8038,8046,8034,8033,8040,8046,8052,8051,8043,8060,8065,8093,8115,8118,8106,8096,8082,8069,8060,8072,8039,8058,8054,8036,8046,8048,8042,8038,8031,8025,8042,8038,8045,8026,8016,8017,8021,8027,8020,8011,
8025,8050,8048,8041,8028,8030,8038,8010,8011,8028,8020,8034,8026,8014,8030,8037,8029,8038,8014,8036,8015,8026,8019,8032,8018,8039,8041,8037,8027,8029,8022,8031,8019,8041,8033,8024,8029,8031,8039,8043,8038,8040,8044,8044,8026,8039,8042,8040,8046,8048,8042,8069,8070,8064,8068,8060,8063,8071,8048,8065,8039,8054,8048,8025,8048,8044,8038,8039,8036,8025,8031,8039,8039,8017,8033,8036,8021,8026,8032,8033,
8034,8036,8035,8045,8029,8029,8039,8015,8010,8011,8016,8026,8033,8015,8030,8022,8028,8029,8012,8030,8026,8018,8029,8043,8021,8026,8036,8018,8033,8025,8015,8032,8021,8029,8028,8024,8032,8040,8027,8042,8037,8033,8045,8030,8039,8029,8040,8038,8039,8049,8030,8043,8046,8048,8060,8057,8048,8074,8048,8059,8047,8051,8048,8043,8055,8039,8026,8043,8032,8006,8029,8043,8036,8020,8031,8025,8028,8015,8036,8013,
8032,8034,8047,8028,8031,8023,8009,8011,8025,8008,8019,8023,8028,8025,8029,8023,8024,8018,8020,8017,8012,8035,8015,8035,8017,8031,8030,8023,8018,8029,8010,8016,8021,8035,8028,8020,8028,8033,8022,8029,8021,8032,8022,8032,8025,8027,8050,8036,8036,8031,8034,8042,8047,8043,8044,8040,8039,8036,8037,8052,8042,8049,8049,8022,8040,8037,8036,8019,8034,8020,8022,8033,8042,8013,8009,8013,8031,8023,8033,8016,
8038,8039,8030,8034,8037,8030,8022,8018,8012,8019,8029,8033,8038,8018,8030,8026,8018,8014,8009,8028,8022,8035,8040,8029,8027,8028,8038,8015,8027,8030,8023,8031,8017,8036,8030,8032,8024,8035,8029,8033,8016,8047,8022,8023,8031,8036,8033,8032,8040,8031,8040,8039,8047,8041,8047,8038,8034,8040,8042,8037,8041,8021,8033,8029,8056,8019,8040,8032,8027,8025,8029,8020,8025,8023,8017,8017,8030,8021,8030,8033,
8032,8022,8033,8029,8038,8032,8030,8013,8025,8019,8021,8022,8018,8012,8021,8023,8020,8025,8014,8038,8017,8020,8022,8026,8021,8026,8034,8024,8026,8023,8011,8016,8016,8021,8022,8017,8021,8030,8026,8028,8013,8042,8013,8030,8023,8029,8036,8031,8023,8029,8037,8050,8041,8038,8043,8041,8030,8031,8037,8060,8036,8033,8037,8028,8039,8021,8026,8026,8023,8020,8019,8016,8051,8020,8005,8016,8021,8001,8019,8019,
8033,8027,8032,8036,8028,8029,8032,8009,8005,8027,8020,8028,8026,8010,8015,8022,8012,8031,8020,8023,8026,8020,8025,8026,8022,8022,8021,8019,8017,8020,8025,8015,8020,8030,8021,8022,8020,8031,8022,8033,8034,8035,8029,8015,8018,8026,8033,8032,8031,8035,8026,8041,8045,8034,8027,8030,8028,8030,8031,8047,8019,8016,8029,8021,8042,8028,8018,8028,8017,8031,8021,8018,8023,8023,8012,8006,8019,8019,8016,8024,
8020,8031,8020,8044,8025,8025,8034,8018,8012,8010,8037,8043,8027,8015,8024,8012,8021,8027,8005,8025,8021,8036,8021,8025,8021,8022,8025,8022,8032,8023,8010,8023,8016,8026,8015,8015,8015,8035,8030,8026,8021,8032,8020,8014,8018,8027,8028,8019,8020,8023,8031,8038,8029,8037,8025,8030,8027,8034,8030,8041,8027,8024,8035,8016,8034,8023,8029,8020,8025,8028,8021,8022,8028,8035,8016,8004,8026,8021,8014,8029,
8030,8024,8040,8039,8019,8038,8026,8014,8030,8021,8030,8028,8026,8019,8017,8020,8017,8025,8014,8021,8012,8032,8023,8031,8021,8011,8021,8023,8030,8023,8019,8019,8023,8025,8016,8007,8023,8028,8022,8024,8021,8027,8018,8020,8023,8029,8028,8032,8021,8024,8030,8023,8029,8038,8030,8033,8024,8025,8023,8039,8016,8020,8029,8027,8056,8017,8015,8019,8022,8021,8020,8023,8022,8020,8020,8014,8018,8018,8017,8013,
8024,8046,8039,8032,8042,8039,8023,8019,8015,8026,8019,8038,8029,8013,8018,8028,8023,8032,8013,8026,8013,8023,8029,8024,8021,8021,8015,8012,8029,8024,8013,8019,8016,8032,8026,8016,8022,8033,8035,8035,8027,8027,8023,8012,8029,8026,8029,8022,8016,8024,8030,8034,8033,8019,8039,8028,8021,8036,8033,8029,8027,8026,8032,8016,8035,8025,8017,8015,8028,8034,8018,8021,8016,8016,8013,8011,8016,8018,8003,8017,
8029,8027,8035,8038,8032,8028,8018,8019,8022,8028,8022,8025,8021,8011,8019,8015,8025,8026,8023,8025,8021,8023,8029,8017,8012,8020,8035,8028,8029,8025,8013,8015,8017,8019,8025,8012,8029,8022,8024,8021,8031,8026,8024,8013,8021,8030,8015,8031,8023,8026,8038,8035,8036,8042,8032,8033,8019,8044,8031,8052,8022,8018,8020,8026,8035,8029,8027,8025,8037,8019,8011,8021,8019,8011,7991,8012,8027,8016,8015,8024,
8024,8027,8026,8025,8030,8046,8031,8023,8013,8024,8031,8028,8014,8001,8014,8023,8023,8023,8018,8031,8010,8026,8029,8020,8028,8018,8025,8018,8027,8020,8017,8030,8015,8020,8013,8030,8027,8030,8017,8024,8020,8025,8020,8024,8027,8007,8032,8022,8029,8018,8031,8035,8036,8043,8027,8025,8016,8029,8028,8026,8024,8024,8023,8004,8027,8022,8024,8018,8027,8025,8012,8016,8041,8010,8000,8008,8005,8019,8005,8013,
8030,8024,8039,8034,8037,8042,8027,8020,8024,8030,8034,8038,8038,8012,8021,8035,8027,8002,8030,8033,8017,8026,8025,8028,8032,8020,8038,8028,8028,8020,8027,8014,8021,8019,8038,8019,8035,8036,8026,8023,8025,8027,8026,8020,8019,8027,8024,8033,8029,8031,8031,8026,8049,8032,8032,8025,8012,8031,8035,8042,8020,8038,8034,8011,8031,8024,8024,8008,8020,8022,8009,8016,8027,8020,8023,8026,8031,8016,8013,8014,
8046,8027,8038,8017,8026,8042,8020,8015,8020,8017,8028,8035,8038,8019,8005,8026,8013,8017,8013,8024,8021,8039,8022,8011,8024,8013,8039,8019,8021,8018,8023,8021,8021,8022,8028,8018,8022,8012,8028,8017,8040,8026,8020,8025,8014,8028,8004,8010,8017,8017,8014,8026,8018,8023,8032,8006,8028,8021,8024,8027,8016,8021,8019,8020,8030,8015,8013,8020,8016,8002,8022,8044,8040,8007,8008,8004,8014,8015,8018,8012,
8023,8029,8038,8023,8035,8034,8035,8018,8014,8030,8020,8029,8024,8004,8015,8014,8008,8016,8016,8015,8016,8028,8025,8012,8021,8022,8034,8015,8044,8014,8022,8022,8013,8018,8027,8006,8033,8025,8021,8028,8035,8030,8016,8022,8031,8028,8036,8017,8025,8018,8032,8035,8034,8025,8013,8018,8023,8020,8026,8041,8014,8028,8013,8008,8035,8006,8018,8013,8008,8014,8027,8023,8034,8020,7998,8012,8016,8013,8008,8012,
8025,8010,8043,8032,8021,8041,8016,8018,8016,8033,8027,8023,8021,8000,8026,8015,8016,8021,8020,8021,8012,8022,8028,8024,8003,8021,8023,8013,8024,8016,8017,8007,8025,8019,8024,8020,8032,8009,8030,8021,8040,8030,8027,8017,8020,8027,8029,8037,8022,8028,8035,8043,8038,8019,8021,8016,8029,8025,8031,8020,8020,8039,8034,8015,8024,8020,8014,8014,8016,8026,8013,8021,8025,8020,8024,8025,8005,8014,8030,8005,
8030,8013,8036,8041,8023,8038,8030,8015,8023,8025,8050,8030,8036,8008,8014,8021,8016,8017,8020,8037,8019,8021,8030,8015,8006,8023,8023,8014,8020,8010,8022,8022,8027,8030,8028,8016,8039,8031,8031,8024,8031,8033,8020,8012,8017,8027,8029,8027,8026,8026,8025,8030,8028,8030,8024,8007,8022,8023,8034,8040,8023,8036,8035,8017,8039,8010,8018,8017,8004,8009,8028,8042,8028,8026,8028,8011,8020,8020,8013,8014,
8027,8023,8051,8018,8042,8027,8019,8033,8022,8025,8034,8039,8032,8014,8027,8025,8011,8030,8023,8039,8012,8031,8019,8018,8020,8024,8034,8018,8026,8021,8014,8017,8016,8025,8024,8016,8043,8031,8029,8022,8024,8029,8016,8005,8020,8026,8025,8021,8020,8021,8020,8020,8051,8013,8020,8012,8034,8032,8017,8045,8014,8024,8026,8015,8031,8015,8012,8012,8019,8012,8027,8024,8045,8022,8013,8003,8008,8010,8008,8013,
8034,8018,8025,8014,8026,8043,8027,8016,8007,8027,8036,8058,8031,8015,8022,8022,8011,8012,8023,8030,8018,8031,8020,8008,8021,8032,8036,8023,8032,8024,8020,8019,8025,8039,8018,8024,8028,8026,8034,8018,8037,8029,8034,8016,8032,8031,8029,8021,8021,8020,8031,8031,8043,8026,8031,8018,8026,8022,8034,8026,8017,8030,8032,8014,8034,8004,8021,8024,8012,8004,8011,8021,8023,8024,8009,8011,8015,8015,7998,8007,
8015,8026,8042,8039,8019,8038,8023,8018,8018,8034,8029,8037,8037,8012,8027,8017,8025,8013,8018,8030,8015,8025,8021,8021,8009,8014,8031,8020,8018,8017,8013,8026,8027,8036,8028,8016,8045,8015,8034,8034,8034,8037,8041,8021,8024,8025,8025,8024,8029,8030,8016,8022,8037,8037,8031,8028,8018,8027,8032,8033,8014,8029,8020,8003,8022,8025,8030,8007,8020,8009,8021,8019,8044,8014,8007,8005,8020,8033,8002,7998,
8015,8032,8035,8022,8019,8036,8018,8003,8027,8020,8030,8045,8045,8023,8029,8024,8039,8021,8012,8035,8026,8032,8013,8022,8005,8022,8020,8030,8014,8021,8019,8035,8017,8035,8023,8013,8033,8038,8037,8039,8039,8055,8032,8025,8028,8021,8020,8025,8036,8025,8029,8023,8032,8020,8025,8019,8018,8020,8042,8048,8015,8025,8030,8024,8038,8027,8018,8028,8038,8011,8016,8025,8017,8016,7996,7991,8013,8023,7985,8005,
8012,8022,8027,8029,8026,8035,8029,8018,8015,8019,8028,8046,8033,8016,8021,8022,8036,8011,8013,8051,8025,8033,8028,8025,8015,8020,8015,8030,8031,8024,8018,8020,8026,8023,8029,8021,8035,8023,8031,8032,8033,8032,8035,8026,8032,8026,8038,8036,8030,8025,8026,8033,8022,8016,8030,8031,8022,8045,8028,8041,7997,8014,8031,8009,8025,8033,8021,8023,8023,8004,8018,8025,8028,8021,8005,8008,8018,8015,8007,8005,
8014,8028,8034,8019,8035,8022,8025,8005,8035,8027,8026,8047,8043,8022,8016,8023,8008,8019,8011,8029,8026,8039,8011,8025,8007,8019,8029,8001,8034,8016,8019,8016,8025,8022,8026,8010,8018,8041,8039,8031,8015,8036,8031,8024,8034,8028,8047,8026,8030,8033,8021,8024,8026,8005,8026,8024,8021,8031,8014,8029,8019,8028,8016,8016,8028,8029,8022,8012,8015,8010,8010,8020,8022,8005,8012,8001,8017,8009,8017,7994,
8001,8019,8045,8017,8023,8037,8013,8007,8032,8034,8031,8027,8036,8023,8025,8034,8026,8014,8008,8038,8009,8036,8018,8032,7995,8033,8023,8018,8029,8032,8017,8020,8025,8035,8017,8016,8038,8046,8038,8037,8044,8036,8026,8033,8027,8038,8035,8025,8044,8026,8022,8029,8034,8014,8041,8022,8021,8027,8035,8043,8027,8025,8034,8010,8032,8034,8031,8016,8044,8034,8009,8026,8016,8007,8000,7993,8006,8012,8013,7999,
29.45,25.83,False,1,0,14,45,22,25